tree
version=v4
num_class=1
num_tree_per_iteration=1
label_index=0
max_feature_idx=137
objective=binary sigmoid:1
feature_names=Column_0 Column_1 Column_2 Column_3 Column_4 Column_5 Column_6 Column_7 Column_8 Column_9 Column_10 Column_11 Column_12 Column_13 Column_14 Column_15 Column_16 Column_17 Column_18 Column_19 Column_20 Column_21 Column_22 Column_23 Column_24 Column_25 Column_26 Column_27 Column_28 Column_29 Column_30 Column_31 Column_32 Column_33 Column_34 Column_35 Column_36 Column_37 Column_38 Column_39 Column_40 Column_41 Column_42 Column_43 Column_44 Column_45 Column_46 Column_47 Column_48 Column_49 Column_50 Column_51 Column_52 Column_53 Column_54 Column_55 Column_56 Column_57 Column_58 Column_59 Column_60 Column_61 Column_62 Column_63 Column_64 Column_65 Column_66 Column_67 Column_68 Column_69 Column_70 Column_71 Column_72 Column_73 Column_74 Column_75 Column_76 Column_77 Column_78 Column_79 Column_80 Column_81 Column_82 Column_83 Column_84 Column_85 Column_86 Column_87 Column_88 Column_89 Column_90 Column_91 Column_92 Column_93 Column_94 Column_95 Column_96 Column_97 Column_98 Column_99 Column_100 Column_101 Column_102 Column_103 Column_104 Column_105 Column_106 Column_107 Column_108 Column_109 Column_110 Column_111 Column_112 Column_113 Column_114 Column_115 Column_116 Column_117 Column_118 Column_119 Column_120 Column_121 Column_122 Column_123 Column_124 Column_125 Column_126 Column_127 Column_128 Column_129 Column_130 Column_131 Column_132 Column_133 Column_134 Column_135 Column_136 Column_137
feature_infos=[0:79973] [0:107387464] [6.9524784088134766:1434.8333740234375] [0:696] [-1.203703761100769:1434.8333740234375] [6.9524784088134766:1443.69189453125] [6.9524784088134766:1443.69189453125] [6.9524784088134766:1443.69189453125] [6.9524784088134766:1443.69189453125] [0:1] [0:1] [0:1] [0:1] [0:1] [0:1] [0:1] [2.193200089095626e-05:1.9037708044052124] [0:0.99571478366851807] [0:1.9037708044052124] [2.193200089095626e-05:1.9915750026702881] [1.362500029244984e-06:1.9037708044052124] [1.8729999737843173e-06:1.9037708044052124] [2.0840000161115313e-06:1.9037708044052124] [0:27] [1:79973] [6.9524784088134766:107387464] [0:1.9999972581863403] [6.9524784088134766:107387464] [0:74896] [0:106034368] [6.9524784088134766:1442.8333740234375] [0:696] [-13.565573692321777:1442.8333740234375] [6.9524784088134766:1443.69189453125] [2.3641510009765625:1443.69189453125] [6.9524784088134766:1443.69189453125] [6.9524784088134766:1443.69189453125] [0:1] [0:1] [0:1] [0:1] [0:1] [0:1] [0:1] [2.2110000372776994e-06:1.9917522668838501] [0:0.93804830312728882] [0:1.9917522668838501] [2.3439999949914636e-06:1.9917522668838501] [1.6999990748445271e-08:1.9917522668838501] [1.623000002837216e-06:1.9917522668838501] [2.3439999949914636e-06:1.9917522668838501] [0:24] [1:74896] [6.9524784088134766:106034368] [0:1.9999806880950928] [6.9524784088134766:106034368] [1:79973] [0:25306] [6.9524784088134766:107387464] [0:14382488] [6.9524784088134766:1442.8333740234375] [6.9524784088134766:1430.1473388671875] [0:696] [0:696] [2.4344263076782227:1442.8333740234375] [-13.565573692321777:1430.1473388671875] [6.9524784088134766:1443.69189453125] [2.3641510009765625:1430.1473388671875] [6.9524784088134766:1443.69189453125] [6.9524784088134766:1430.1473388671875] [6.9524784088134766:1443.69189453125] [6.9524784088134766:1430.1473388671875] [6.9524784088134766:1443.69189453125] [6.9524784088134766:1442.8333740234375] [0:1] [0:1] [0:1] [0:1] [0:1] [0:1] [0:1] [0:1] [0:1] [0:1] [0:1] [0:1] [0:1] [0:1] [1.6063799193943851e-05:1.9917522668838501] [2.2110000372776994e-06:1.9037708044052124] [0:0.99571478366851807] [0:0.83213174343109131] [9.999965300266922e-10:1.9917522668838501] [0:1.9037708044052124] [1.4629999895987567e-06:1.9917522668838501] [1.6999990748445271e-08:1.9037708044052124] [1.9540000266715651e-06:1.9917522668838501] [1.623000002837216e-06:1.9037708044052124] [2.1193000065977685e-05:1.9917522668838501] [2.0840000161115313e-06:1.9037708044052124] [2.5266999728046358e-05:1.9917522668838501] [2.3439999949914636e-06:1.9915750026702881] [1:27] [0:21] [1:79973] [1:25306] [6.9524784088134766:107387464] [6.9524784088134766:7191244] [0:1.9999972581863403] [0:1.9998902082443237] [6.9524784088134766:107387464] [6.9524784088134766:14252031] [1:99122] [13.904956817626953:107755440] [0:1] [0:1] [0:1.9999974966049194] [0.5:100] [0.004999999888241291:0.81610339879989624] [0.0007995598716661334:0.62212282419204712] [-87137:87016] [-94248824:98197832] [-1392:1384] [-1392:1384] [-0.79955452680587769:0.80254775285720825] [-87016:92121] [-98197832:103789264] [-1384:1392] [-1384:1392] [-0.80254775285720825:0.79955452680587769] [0:1] [0:1] [0:1] [0:1] [0:1] [4:6] [0:1] [35.5:97.5]
tree_sizes=1740 1749 1742 1752 1750 1741 1744 1738 1740 1747 1736 1749 1748 1750 1722 1750 1757 1742 1756 1748 1751 1740 1731 1744 1747 1754 1758 1738 1735 1756 1745 1757 1753 1747 1745 1748 1739 1742 1740 1755 1738 1744 1736 1750 1751 1752 1746 1734 1755 1756 1756 1766

Tree=0
num_leaves=15
num_cat=0
split_feature=31 8 116 80 124 36 29 36 46 34 128 11 130 137
split_gain=1487.2 752.723 497.909 408.134 188.271 188.175 169.678 158.521 151.381 137.645 128.273 116.784 114.017 101.616
threshold=173.35949707031253 46.865633010864265 1.9308502674102785 0.001950272358953953 0.10732912644743921 288.17718505859381 999281.25000000012 1291.2893066406252 1.4374999750543795e-06 1426.7495117187502 21.849958419799808 0.0006676329066976906 0.55648330226540577 89.115234375000014
decision_type=8 8 2 2 8 10 2 8 8 10 8 10 2 2
left_child=1 8 6 13 9 -6 7 -2 11 -3 12 -1 -10 -4
right_child=2 4 3 -5 5 -7 -8 -9 10 -11 -12 -13 -14 -15
leaf_value=-0.09115034482887624 -0.017291864438578143 -0.092640421034923662 -0.069062589829313528 0.066068195166000585 -0.08746368603498883 0.044838583876370124 -0.093021778998315319 0.090296346942159142 -0.048091814246563253 0.017813920129573658 0.081481227613239338 0.073060928181619147 0.06820414934167883 0.011521533377380126
leaf_weight=38.605419307947159 36.552595227956772 489.09819328784943 139.87704485654831 135.35530695319176 46.939666748046875 60.221396625041962 13.330424308776854 478.66807568073273 49.18326210975647 29.615130394697189 116.87345370650291 14.052039712667463 35.33565491437912 53.803846925497055
leaf_count=270 167 3410 871 253 322 153 96 528 274 101 160 21 62 195
internal_value=0.00120463 -0.0444379 0.0480332 -0.000270153 -0.0738672 -0.0133865 0.078047 0.0826447 0.0280689 -0.0863121 0.0477751 -0.0467844 0.000758174 -0.0467324
internal_weight=1737.51 879.924 857.587 329.036 625.874 107.161 528.551 515.221 254.05 518.713 201.392 52.6575 84.5189 193.681
internal_count=6883 4773 2110 1319 3986 475 791 695 787 3511 496 291 336 1066
is_linear=0
shrinkage=1


Tree=1
num_leaves=15
num_cat=0
split_feature=46 56 117 123 44 78 78 121 7 122 85 33 102 4
split_gain=1301.94 1125.98 539.511 307.969 173.553 161.788 153.72 125.601 104.398 101.589 93.8268 76.7772 68.2462 58.0742
threshold=3.2250500225927688e-05 754.50000000000011 5.7500000000000009 209.61904907226565 0.0044467579573392877 0.0036531906807795171 0.15849281847476962 -52150.365234374993 216.40649414062503 -2.4019448757171626 0.00058038174756802629 239.45772552490237 13.500000000000002 37.886302947998054
decision_type=10 2 2 8 10 2 2 2 8 10 2 10 2 8
left_child=1 2 8 4 13 9 -7 11 -1 12 -3 -2 -6 -4
right_child=7 10 3 -5 5 6 -8 -9 -10 -11 -12 -13 -14 -15
leaf_value=0.081296978212400256 -0.088959767866963399 -0.083032187908615759 0.075498594855988976 0.074761709029412302 -0.06375838087964783 0.070315038806121791 -0.068609120322081038 -0.08834298430348686 -0.069757399788991703 -0.074506006418738543 0.042271139939479542 0.057633830842279687 0.028353787818499322 -0.0818657539141881
leaf_weight=564.20988501608372 12.610037907958029 222.7881967574358 58.644321873784065 129.20482063293457 31.081584185361862 63.495335921645164 27.887048006057739 361.05263063311577 10.954286471009253 153.13640089333057 15.416305959224699 25.006508499383926 52.912835389375687 5.681888371706008
leaf_count=726 91 1511 86 194 192 105 177 2517 71 992 39 52 165 41
internal_value=-0.000130196 0.0235487 0.0449446 0.00811123 -0.0139443 -0.0286721 0.027636 -0.0793073 0.078304 -0.0503964 -0.0747799 0.00746076 -0.00608083 0.0605583
internal_weight=1734.08 1335.41 1097.21 522.044 392.839 328.513 91.3824 398.669 575.164 237.131 238.205 37.6165 83.9944 64.3262
internal_count=6959 4299 2749 1952 1758 1631 282 2660 797 1349 1550 143 357 127
is_linear=0
shrinkage=0.05


Tree=2
num_leaves=15
num_cat=0
split_feature=31 8 11 57 79 49 46 124 115 4 34 39 127 6
split_gain=1225.99 671.847 343.317 242.621 207.45 132.207 131.974 128.435 139.104 117.127 104.805 99.9116 80.1653 76.1055
threshold=173.35949707031253 46.865633010864265 0.0018860722193494441 110.50000000000001 0.080306019634008421 0.00027780549135059124 1.4374999750543795e-06 0.10732912644743921 0.46334472298622137 28.371794700622562 1426.7495117187502 4.7245888708857826e-05 -18.105352401733395 31.143082618713382
decision_type=8 8 10 2 2 10 8 8 2 10 10 10 10 10
left_child=1 6 3 5 -4 -2 -1 10 11 -8 -3 -9 -6 -5
right_child=2 7 4 13 12 -7 9 8 -10 -11 -12 -13 -14 -15
leaf_value=-0.045276075281261909 0.070509094144490997 -0.084052483286738963 0.084913446478248444 0.027644026189217821 0.059767359964063495 -0.00684408840658808 -0.09046056424491461 0.079430663810351021 -0.073230387976743236 0.05444139921034228 0.015044237508174249 -0.089034942693078573 -0.057343255327579258 -0.062601134634968622
leaf_weight=50.296901389956474 135.75686095654964 495.96669970452785 406.31791162490845 28.856150448322296 22.287149876356125 92.393092036247253 14.121821463108061 38.82652735710144 52.326535493135452 195.03038562834263 27.89981110394001 10.40196907520294 38.331368952989578 111.57784484326839
leaf_count=284 206 3470 434 88 41 387 102 48 347 416 97 75 229 687
internal_value=0.00022819 -0.040764 0.0436384 0.00752537 0.0720679 0.0392905 0.0268065 -0.0687929 -0.0171308 0.0442738 -0.0787562 0.04277 -0.0140149 -0.0439934
internal_weight=1720.39 884.871 835.52 368.584 466.936 228.15 259.449 625.422 101.555 209.152 523.867 49.2285 60.6185 140.434
internal_count=6911 4839 2072 1368 704 593 802 4037 470 518 3567 123 270 775
is_linear=0
shrinkage=0.05


Tree=3
num_leaves=15
num_cat=0
split_feature=128 31 48 28 5 46 122 30 115 50 59 69 67 91
split_gain=1189.66 460.219 337.538 408.135 251.977 134.777 132.611 171.096 131.716 125.319 109.889 78.4462 69.9052 64.6348
threshold=19.735747337341312 105.60986328125001 4.0295299186254858e-05 767.00000000000011 201.82075500488284 2.7531500563782178e-05 -21.986008644104 1424.5075683593752 0.31423889100551611 2.1830200239492118e-05 17497.292968750004 190.5520935058594 32.745433807373054 0.045309448614716537
decision_type=8 10 10 2 10 10 10 10 2 8 2 2 2 10
left_child=1 9 3 11 6 10 -3 -8 -4 -1 -6 -2 -12 -11
right_child=2 4 8 -5 5 -7 7 -9 -10 13 12 -13 -14 -15
leaf_value=0.06235292869541105 0.073593685262614755 0.055589420939901817 0.046789466927259327 -0.075403341755906725 0.072038057836628144 -0.079688728924956223 -0.072703685363180268 0.074401124427638285 -0.069429986401408933 -0.083573196586055332 0.041686493798344458 -0.053427158810440849 -0.065915493725385757 -0.019087833954528316
leaf_weight=15.839635714888571 578.10312190651894 30.313756376504898 34.249417215585709 50.984805151820183 140.72854073345661 22.04724583029747 168.29409219324589 21.562199518084526 78.964036375284195 425.26565138995647 31.015426099300385 11.741222918033598 27.584369122982025 43.513840600848198
leaf_count=27 798 60 80 347 199 152 1110 28 519 3029 80 69 176 212
internal_value=-0.00141215 -0.0393558 0.0451831 0.0592335 -0.00240707 0.0351824 -0.0401905 -0.0556945 -0.0341694 -0.0729462 0.0482224 0.0709791 -0.00922053 -0.0776408
internal_weight=1680.21 926.165 754.043 640.829 441.546 221.376 220.17 189.856 113.213 484.619 199.328 589.844 58.5998 468.779
internal_count=6886 5073 1813 1214 1805 607 1198 1138 599 3268 455 867 256 3241
is_linear=0
shrinkage=0.05


Tree=4
num_leaves=15
num_cat=0
split_feature=128 17 28 48 36 73 7 104 123 128 94 100 6 7
split_gain=1049.11 438.907 291.129 311.738 253.277 226.663 145.896 144.242 124.736 85.1401 78.7686 98.2572 77.8782 53.0886
threshold=27.121073722839359 0.0027521742740646009 767.00000000000011 4.0295299186254858e-05 1413.9710083007815 109.64814758300783 110.93428802490236 129.25000000000003 -65.396926879882798 -671.32656860351551 0.00042633840348571544 0.13231179118156436 31.743314743041996 132.99542236328128
decision_type=8 8 2 10 10 2 8 2 8 10 10 10 10 8
left_child=1 -1 3 13 5 -3 7 -7 -5 -8 -6 -12 -13 -2
right_child=2 4 -4 8 10 6 9 -9 -10 -11 11 12 -14 -15
leaf_value=-0.076761233414035415 0.073369861145452409 -0.072995781858559261 -0.071519380320763951 0.05267510070425141 0.073371721225822015 0.045823824671106003 0.065329951423716268 -0.060300534609896275 -0.056638897183765947 -0.084214562939610202 -0.071080191448732358 -0.068154261377635042 0.076101959678766817 0.0063748310403710989
leaf_weight=369.33498187363148 526.33482345938683 169.81768652796745 48.631410330533981 38.169366881251335 95.32573801279068 151.55072200298309 10.565158143639563 39.603153809905052 77.50231896340847 58.390215694904327 26.444112226366997 11.125277042388914 41.870962306857109 31.538771271705627
leaf_count=2610 679 1146 333 85 129 364 21 250 480 420 177 73 56 117
internal_value=-4.82838e-05 -0.0338936 0.045584 0.0541326 -0.00762737 -0.0282481 0.00113399 0.0236376 -0.0204251 -0.0606954 0.042972 0.00603481 0.0451175 0.0696006
internal_weight=1696.2 974.028 722.177 673.545 604.693 429.927 260.109 191.154 115.672 68.9554 174.766 79.4404 52.9962 557.874
internal_count=6940 5246 1694 1361 2636 2201 1055 614 565 441 435 306 129 796
is_linear=0
shrinkage=0.05


Tree=5
num_leaves=15
num_cat=0
split_feature=128 80 112 7 36 124 46 69 43 39 5 91 33 1
split_gain=969.313 407.401 286.992 315.131 273.781 219.82 169.798 157.877 79.0871 76.3044 69.8666 57.2783 77.8139 56.8297
threshold=41.723075866699226 0.0031596285989508037 1087.0000000000002 122.74896621704103 1422.6373291015627 0.20322173833847049 2.7531500563782178e-05 42.858585357666023 0.015433440916240217 0.12528026849031451 147.47453308105472 0.040512384846806533 1412.5584106445315 2444.005981445313
decision_type=8 2 2 8 10 8 8 2 10 10 10 10 10 2
left_child=1 4 3 9 5 11 10 -6 -7 -2 -3 -1 -13 -9
right_child=2 6 -4 -5 7 8 -8 13 -10 -11 -12 12 -14 -15
leaf_value=-0.073379998892773066 0.071047236266780944 -0.066097094429151196 -0.074014435637402551 -0.044516139407759635 0.067744162844730269 -0.040862448087188495 -0.064017846190753042 0.074173615028184911 0.066974188030666765 -0.013462739447111377 0.06375545217481958 -0.061032839353199558 0.045689852622766661 -0.08406017058861126
leaf_weight=538.01996944844723 556.13616453111172 10.312653928995131 45.309085622429848 70.330778911709785 74.657674789428711 26.820265129208565 35.619516983628273 6.0761535167694083 43.095622628927231 27.748381704092026 152.97864571213722 51.514787286520004 24.44673103094101 31.184478104114532
leaf_count=3792 732 67 320 406 115 158 240 5 68 123 247 330 58 231
internal_value=0.00146497 -0.0302388 0.0465266 0.0549752 -0.0462271 -0.0580807 0.0336397 0.026079 0.0256144 0.0670149 0.0552022 -0.0676374 -0.0265388 -0.0569925
internal_weight=1694.25 994.726 699.524 654.215 795.816 683.897 198.911 111.918 69.9159 583.885 163.291 613.981 75.9615 37.2606
internal_count=6892 5311 1581 1261 4757 4406 554 351 226 855 314 4180 388 236
is_linear=0
shrinkage=0.05


Tree=6
num_leaves=15
num_cat=0
split_feature=31 8 116 78 50 53 43 99 42 124 36 117 74 33
split_gain=934.864 485.076 298.756 193.052 105.144 102.871 102.978 98.278 90.3104 83.9098 108.123 83.5861 70.0257 67.6234
threshold=173.35949707031253 46.865633010864265 1.9308502674102785 0.0036531906807795171 3.2849999342943197e-06 453959.45312500006 0.1132478639483452 0.020429817959666256 0.0040568117983639249 0.12124962732195856 288.17718505859381 0.75000000000000011 0.88331091403961193 1439.4903564453127
decision_type=8 8 2 2 10 10 8 10 10 8 10 2 2 10
left_child=1 4 5 8 -1 6 12 11 -4 13 -11 -5 -2 -3
right_child=2 9 3 7 -6 -7 -8 -9 -10 10 -12 -13 -14 -15
leaf_value=0.072511072418951758 -0.07844663911774509 -0.074194236969632593 -0.057175320981664772 0.048745580347685925 0.00050905711187576011 -0.077476552136727259 0.071687960069503717 0.063170293161159727 0.055312986564725587 -0.076381555033394055 0.029307925486674435 -0.067412704914957808 0.074324224874697947 0.019148477164091994
leaf_weight=72.219862669706345 19.402974575757984 469.86011298000813 127.43858778476715 27.195707961916924 164.92360030114651 12.069334477186201 454.10317702591419 113.20197086036205 19.905841141939163 43.44787386059761 52.271158739924431 33.445770263671875 10.916033193469046 19.855200052261353
leaf_count=85 133 3447 804 57 680 91 546 182 41 318 155 223 15 65
internal_value=9.33713e-07 -0.0376112 0.0378381 0.000246293 0.022649 0.0621075 0.0657377 0.0358407 -0.041708 -0.062018 -0.0189594 -0.0153738 -0.0228262 -0.0703784
internal_weight=1640.26 822.578 817.679 321.188 237.143 496.492 484.422 173.843 147.344 585.434 95.719 60.6415 30.319 489.715
internal_count=6842 4750 2092 1307 765 785 694 462 845 3985 473 280 148 3512
is_linear=0
shrinkage=0.05


Tree=7
num_leaves=15
num_cat=0
split_feature=128 31 2 28 30 116 2 78 31 59 67 123 39 125
split_gain=904.871 323.656 229.453 253.207 225.697 201.291 107.383 104.54 97.2544 80.9783 69.0088 58.5802 55.3511 53.6184
threshold=32.127677917480476 173.35949707031253 122.6922073364258 926.50000000000011 1413.7979736328127 1.9027161598205569 41.492607116699226 0.0034071825211867694 373.45480346679693 18187.977539062504 28.254610061645511 -19.833005905151364 0.12528026849031451 -1.4999999999999998
decision_type=8 10 8 2 10 2 10 2 10 2 2 10 10 2
left_child=1 4 3 10 11 -3 -6 -7 -4 -9 -2 -1 -12 -10
right_child=2 5 8 -5 6 7 -8 9 13 -11 12 -13 -14 -15
leaf_value=-0.026333938061443837 -0.056238102772692894 0.056900854452762786 -0.063388265888950066 -0.067605641780908707 0.060364689167477725 -0.053356928420927874 -0.059493213985939319 0.052878672191903703 -0.08600692193363646 -0.039621544615584495 0.069109730739507588 -0.072905898653471898 -0.012277160801233374 0.050283912314781534
leaf_weight=81.6826431453228 11.071211382746695 128.24627429246902 62.520174950361252 38.532062366604805 57.740081265568733 118.2079986333847 26.480100855231285 58.814720630645752 7.6656917035579673 38.229877173900604 540.59278690814972 434.99616861343384 21.439919471740723 43.754139855504036
leaf_count=455 66 223 422 276 100 752 176 111 56 220 689 3246 94 92
internal_value=0.00109527 -0.0311518 0.0430527 0.0551753 -0.0532533 0.00755365 0.0224236 -0.0219743 -0.0219361 0.0164066 0.0635337 -0.0656083 0.0659888 0.0287125
internal_weight=1669.97 944.398 725.576 611.636 600.899 343.499 84.2202 215.253 113.94 97.0446 573.104 516.679 562.033 51.4198
internal_count=6978 5283 1695 1125 3977 1306 276 1083 570 331 849 3701 783 148
is_linear=0
shrinkage=0.05


Tree=8
num_leaves=15
num_cat=0
split_feature=128 80 7 28 33 123 43 69 49 30 33 5 123 17
split_gain=770.158 360.2 236.445 249.202 178.561 148.223 138.264 130.368 86.9757 77.1127 66.3172 60.0592 46.4838 44.8636
threshold=32.127677917480476 0.0031596285989508037 122.74896621704103 732.00000000000011 1423.148864746094 -224.16825866699216 0.015433440916240217 42.858585357666023 0.0002564085007179529 266.89469909667974 898.79873657226574 542.91458129882824 317.13504028320318 0.022746575064957145
decision_type=8 2 8 2 10 10 10 2 10 10 10 10 10 10
left_child=1 4 3 8 5 10 -3 -6 -2 -10 -1 -12 -4 -7
right_child=2 6 12 -5 7 13 -8 -9 9 -11 11 -13 -14 -15
leaf_value=-0.047687851971750704 0.071368857448008222 -0.06306394786558564 -0.059603693914727411 -0.062631552674228083 0.058501440162834456 -0.07166515099286265 0.050472252435491131 -0.061882326350065978 -0.046143848450672952 0.043550914803493296 0.080566182733824265 -0.037765881918116445 0.061114877316115507 -0.038740238330976673
leaf_weight=30.479869455099106 408.19936901330948 31.280408978462219 63.837344586849213 44.684407457709312 65.00144174695015 426.14909762144089 160.1229575574398 33.161701396107674 28.047223746776581 139.18752700090408 34.262689456343651 14.70282109081745 8.2721422314643842 142.07824641466141
leaf_count=201 450 225 428 319 111 3239 316 232 166 299 34 85 13 848
internal_value=0.000150696 -0.0293786 0.0401165 0.0500834 -0.045071 -0.0545851 0.0316861 0.0176192 0.0589296 0.0283232 0.0092826 0.04499 -0.0451088 -0.0635152
internal_weight=1629.47 937.239 692.228 620.119 745.836 647.673 191.403 98.1631 575.434 167.235 79.4454 48.9655 72.1095 568.227
internal_count=6966 5291 1675 1234 4750 4407 541 343 915 465 320 119 441 4087
is_linear=0
shrinkage=0.05


Tree=9
num_leaves=15
num_cat=0
split_feature=128 80 36 48 28 69 93 3 34 77 123 128 9 126
split_gain=695.63 287.589 215.718 212.479 259.498 107.35 97.8302 94.9747 120.819 93.5757 91.312 56.6624 71.5704 47.2284
threshold=19.735747337341312 0.0033519720891490583 1422.6373291015627 4.0295299186254858e-05 767.00000000000011 42.858585357666023 1.8685000213736206e-05 12.370837211608888 264.14735412597662 1.0000000180025095e-35 -95.968627929687486 195.46988677978518 0.62715834379196178 -620747.53124999988
decision_type=8 2 10 10 2 2 8 10 10 2 8 8 10 2
left_child=1 2 7 4 11 -4 13 -1 -9 -10 -5 12 -2 -3
right_child=3 6 5 10 -6 -7 -8 8 9 -11 -12 -13 -14 -15
leaf_value=-0.070653488107173257 -0.075238864128240074 -0.070624207845236986 0.061411566709661684 0.043708104841663313 -0.062204174354815227 -0.04796877814809869 -0.049916023924072468 -0.056616220816106969 0.044095717246574351 -0.070997198084659291 -0.056467653061566529 0.06664844986435374 0.041738489415025309 0.052840558171354017
leaf_weight=358.38254156708717 14.023686707019804 7.3660398423671714 66.396538063883781 31.395631551742554 47.597640484571457 32.740142196416855 31.695976033806801 158.79810462892056 69.10363582521677 22.638978771865368 76.208991408348083 442.61853946745396 103.13863357901573 135.75140129029751
leaf_count=2762 95 47 103 74 347 215 215 1146 183 166 510 552 232 253
internal_value=0.000821604 -0.0288528 -0.0430223 0.0374532 0.0489165 0.0251701 0.028457 -0.0541475 -0.0303497 0.0152354 -0.0271062 0.058459 0.0272187 0.0460401
internal_weight=1597.86 882.873 708.06 714.983 607.379 99.1367 174.813 608.923 250.541 91.7426 107.605 559.781 117.162 143.117
internal_count=6900 5090 4575 1810 1226 318 515 4257 1495 349 584 879 327 300
is_linear=0
shrinkage=0.05


Tree=10
num_leaves=15
num_cat=0
split_feature=31 8 117 29 113 124 115 67 46 67 28 42 43 39
split_gain=671.502 394.767 220.851 171.825 92.5326 83.3954 107.861 77.4512 75.544 73.6609 69.7089 65.0917 48.1179 52.188
threshold=173.35949707031253 46.865633010864265 7.7500000000000009 1080440.5000000002 109779.26562500001 0.038486178964376457 0.46334472298622137 30.832298278808597 1.4374999750543795e-06 28.254610061645511 430.50000000000006 0.0057143324520438918 0.1132478639483452 0.032522473484277732
decision_type=8 8 2 2 2 8 2 2 8 2 2 10 8 10
left_child=1 8 3 12 -4 -3 10 -6 -1 -10 -7 -9 13 -2
right_child=2 5 4 -5 7 6 -8 11 9 -11 -12 -13 -14 -15
leaf_value=-0.034730061373380715 0.052556907849877932 -0.065206439443615288 0.030048352933680716 -0.069625222729088498 0.032487007592015241 0.054885474388702553 -0.062480110947020162 -0.073983099410618133 -0.077347710824630878 0.044024190222524746 -0.074523209138780008 0.018115527124260258 0.062148948475108545 -0.082459069547336047
leaf_weight=46.194043271243572 15.559973716735842 422.10185990482569 106.01705187559128 26.751924820244312 34.813773840665817 49.412843734025955 67.11878577619791 81.443857438862324 12.518479116261004 181.81943291425705 12.189202047884462 24.556558132171631 483.58446332067251 11.610932961106299
leaf_count=283 34 3297 300 201 102 93 499 610 96 413 94 84 673 86
internal_value=0.00130661 -0.0311694 0.0340711 0.0520228 -0.00507326 -0.0544758 -0.0190566 -0.0315413 0.0222074 0.0358499 0.028498 -0.0526772 0.0585179 -0.00601844
internal_weight=1575.69 791.355 784.339 537.507 246.831 550.823 128.721 140.814 240.532 194.338 61.602 106 510.755 27.1709
internal_count=6865 4775 2090 994 1096 3983 686 796 792 509 187 694 793 120
is_linear=0
shrinkage=0.05


Tree=11
num_leaves=15
num_cat=0
split_feature=46 28 116 78 100 123 7 97 39 122 62 6 45 4
split_gain=614.947 487.069 329.792 220.528 130.107 101.317 94.0099 79.1573 66.2347 61.347 58.2564 53.4392 38.4044 38.047
threshold=3.0160999813233506e-05 767.00000000000011 1.8822661042213442 0.0029251328669488434 0.037236368283629424 -200.55136108398435 132.99542236328128 6.2952502048574402e-05 0.14337102323770526 -2.4019448757171626 37.43556213378907 37.996837615966804 0.017297831363976005 32.575269699096687
decision_type=10 2 2 2 8 8 8 10 10 8 2 10 10 10
left_child=1 2 6 4 -4 10 -1 12 -5 -6 -2 -10 -3 -9
right_child=5 7 3 8 9 -7 -8 13 11 -11 -12 -13 -14 -15
leaf_value=0.06244644075243086 -0.069614296565230868 -0.068307126805055393 0.062280635272348707 0.057991985180672168 -0.0083930219664122997 -0.067418223845351483 -0.039644638616529435 0.068001827405687595 -0.064159842257737743 -0.062045762638534577 0.058317839940047293 0.056908965955644597 0.053673804727114853 -0.066268109048715537
leaf_weight=514.0120250955224 12.132409892976282 175.60852134972811 32.988683439791203 141.39359720051289 83.95713983476162 314.66145464777946 22.934909984469414 17.796116515994076 22.33868882805109 146.49271196126938 26.782342925667763 14.008154429495333 5.9928353503346434 6.4351335242390624
leaf_count=698 99 1403 49 222 397 2543 137 35 157 1027 58 27 14 52
internal_value=-0.000259672 0.0170266 0.0317412 -0.000301074 -0.029298 -0.058028 0.0580202 -0.0527133 0.0426002 -0.0426198 0.0176878 -0.0172252 -0.0640099 0.0311304
internal_weight=1537.53 1183.96 978.126 441.179 263.439 353.576 536.947 205.833 177.74 230.45 38.9148 36.3468 181.601 24.2313
internal_count=6918 4218 2714 1879 1473 2700 835 1504 406 1424 157 184 1417 87
is_linear=0
shrinkage=0.05


Tree=12
num_leaves=15
num_cat=0
split_feature=46 11 116 52 121 79 67 113 72 97 28 7 128 111
split_gain=556.303 469.565 331.121 168.542 112.985 110.707 97.635 86.5615 84.6118 79.1261 59.4725 58.9497 53.8252 50.2949
threshold=2.7531500563782178e-05 0.00060078149545006465 1.8363962173461916 284.25000000000006 -48496.242187499993 0.10035246983170511 30.858586311340336 88730.664062500015 1411.725036621094 0.00025011999241542077 888.50000000000011 132.99542236328128 217.65306091308597 7416.4248046875009
decision_type=10 10 2 10 2 2 2 2 2 10 2 8 10 2
left_child=1 2 3 11 -2 10 9 8 -8 -4 -3 -1 -7 -11
right_child=4 5 6 -5 -6 12 7 -9 -10 13 -12 -13 -14 -15
leaf_value=0.055006034663834705 0.025020454942183003 0.069104016677893204 -0.069124310258998678 -0.046879078530165881 -0.064848307424813137 -0.050374899571575295 -0.067206315941292075 -0.064482654475052567 0.056825236419885572 -0.013290842658245232 -0.0078722430489997497 -0.050296914127406438 0.063699554335611794 0.06448091434714627
leaf_weight=233.63706891983747 38.939705073833466 396.07420492172241 27.240692399442196 55.187438786029816 306.06205216050148 33.276175856590271 22.647419854998589 247.3077252432704 31.862086303532124 38.914524279534817 26.578675732016563 13.332449607551096 13.848765961825846 42.936442732810974
leaf_count=370 145 434 197 382 2527 221 157 1900 62 191 143 88 18 66
internal_value=0.00110997 0.0174095 -0.00816647 0.031507 -0.054662 0.0561656 -0.0373455 -0.0519568 0.00501067 0.00318322 0.0642562 0.0491414 -0.0162244 0.0277916
internal_weight=1527.85 1182.84 713.066 302.157 345.002 469.778 410.909 301.817 54.5095 109.092 422.653 246.97 47.1249 81.851
internal_count=6901 4229 3413 840 2672 816 2573 2119 219 454 577 458 239 257
is_linear=0
shrinkage=0.05


Tree=13
num_leaves=15
num_cat=0
split_feature=48 29 123 42 129 123 68 97 78 33 39 5 7 47
split_gain=518.498 469.751 264.789 181.47 105.906 97.6319 96.3068 68.0735 67.249 65.5614 63.3772 32.8209 30.015 50.3259
threshold=5.9728748965426355e-05 1080440.5000000002 209.61904907226565 0.00094406676362268638 -0.11235664412379263 -200.55136108398435 1413.9710083007815 6.2952502048574402e-05 0.0036531906807795171 322.74896240234381 0.10659369826316835 504.26354980468756 42.858585357666023 0.17567875236272815
decision_type=10 2 8 10 10 8 2 10 2 10 10 10 10 10
left_child=1 2 3 4 -1 9 8 -3 -6 -2 -10 -11 -8 -14
right_child=5 7 -4 -5 6 -7 12 -9 10 11 -12 -13 13 -15
leaf_value=0.040670760681510564 -0.069610531331769337 -0.069009912898288325 0.060694608793896758 0.057633097382569637 -0.059671578804720772 -0.060577887203708929 0.03845179040202823 0.025566023650500494 0.03708097937091541 0.081284352848397246 -0.0741638572869837 -0.043712847180709086 -0.072336916450187971 0.067940213323234286
leaf_weight=78.429376296699047 13.953615464270113 156.46636263281107 411.59639119356871 129.43316151946783 153.82530441880226 333.195047698915 61.712546974420547 21.121141128242016 41.01117480546236 25.381783686578277 17.416845381259918 5.8760206252336493 17.496356211602691 8.8404513597488386
leaf_count=164 116 1329 569 210 1106 2745 156 81 94 26 141 36 144 8
internal_value=-0.000851673 0.0165559 0.0309368 0.00676206 -0.0107293 -0.0512429 -0.0242438 -0.0576815 -0.0424224 0.0173751 0.00322998 0.05716 0.0195622 -0.0244874
internal_weight=1475.76 1097.35 919.762 508.165 378.732 378.406 300.303 177.588 212.253 45.2114 58.428 31.2578 88.0494 26.3368
internal_count=6925 4002 2592 2023 1813 2923 1649 1410 1341 178 235 62 308 152
is_linear=0
shrinkage=0.05


Tree=14
num_leaves=15
num_cat=0
split_feature=31 8 117 29 128 123 30 123 6 46 3 69 3 56
split_gain=489.909 313.3 203.803 132.436 88.1716 69.548 63.68 60.4302 57.9653 57.8244 50.6676 49.4169 44.2905 44.2056
threshold=179.74248504638675 46.865633010864265 7.7500000000000009 1080440.5000000002 217.65306091308597 -426.53768920898432 266.89469909667974 272.75819396972662 30.665631294250492 1.60749999622567e-06 372.50187683105474 30.832298278808597 12.696928501129152 943.50000000000011
decision_type=8 8 2 2 8 10 10 8 10 8 10 2 10 2
left_child=1 8 3 10 7 6 -3 11 -1 12 -2 -4 -10 -8
right_child=2 5 4 -5 -6 -7 13 -9 9 -11 -12 -13 -14 -15
leaf_value=-0.066722486858355828 0.057509333675024199 -0.049043787123302873 0.03636741213980188 -0.056742269849070409 0.04587465677472783 -0.057156702401356174 0.054315769466791668 0.041735863928835826 -0.047754205412178258 0.044601074694934607 -0.018249722079835901 -0.05132381831969203 0.040317990994015826 -0.0667699441664905
leaf_weight=16.315848872065544 451.9554206803441 49.582043722271919 17.687076337635517 27.913685262203217 52.863820903003216 431.70150791853666 38.263498395681381 25.770576231181622 35.746784172952175 153.18652182072401 22.758114658296108 125.11230853945017 22.406608417630196 8.4302048012614232
leaf_count=125 669 376 45 218 103 3624 69 55 251 338 108 877 67 69
internal_value=0.000655867 -0.0274891 0.0300254 0.0476046 -0.00991166 -0.0486024 -0.0100514 -0.0275737 0.0214752 0.0285664 0.0538467 -0.040285 -0.0137119 0.031513
internal_weight=1479.69 755.633 724.061 502.627 221.434 527.977 96.2757 168.57 227.656 211.34 474.714 142.799 58.1534 46.6937
internal_count=6994 4919 2075 995 1080 4138 514 977 781 656 777 922 318 138
is_linear=0
shrinkage=0.05


Tree=15
num_leaves=15
num_cat=0
split_feature=46 56 116 78 7 121 30 101 122 33 85 125 65 5
split_gain=462.937 384.359 219.936 158.723 100.258 86.3968 83.3872 58.7241 56.593 55.8262 52.8337 40.9353 38.0814 35.2546
threshold=2.7531500563782178e-05 884.50000000000011 1.8902438879013064 0.0011598696000874045 132.99542236328128 -52150.365234374993 1412.6660156250002 0.020852126181125644 -2.4019448757171626 234.849479675293 0.00058038174756802629 9.5000000000000018 20.99542331695557 158.91459655761722
decision_type=10 2 2 2 8 2 10 10 8 10 2 2 2 10
left_child=1 2 4 6 -1 9 8 -5 11 -2 12 -4 -3 -9
right_child=5 10 3 7 -6 -7 -8 13 -10 -11 -12 -13 -14 -15
leaf_value=0.055846194331322666 -0.065639717757012314 0.032562722050308232 -0.043128414595610974 -0.039597601516928899 -0.068419423930609458 -0.060972709172094353 0.031335606153937039 -0.0620070020612715 -0.058107107021707294 0.063036731058676743 0.042202624462335595 0.029073620211029882 -0.064057873723209841 0.053400234470924825
leaf_weight=477.91691551357508 11.68781692534685 10.304619304835795 34.807817086577415 20.532823815941811 15.985993288457392 288.73920951038599 55.970803081989288 6.1019223630428305 123.51004588603973 24.336003981530666 13.555600687861441 42.464857742190361 158.44703249633312 155.91757570207119
leaf_count=719 102 44 226 136 120 2560 160 40 930 45 38 146 1394 267
internal_value=0.000559379 0.0158602 0.0288368 0.00307982 0.051694 -0.0518841 -0.0222319 0.0386071 -0.0372459 0.0206428 -0.0503605 -0.00358559 -0.0580008 0.0487001
internal_weight=1440.28 1115.52 933.209 439.306 493.903 324.763 256.754 182.552 200.783 36.0238 182.307 77.2727 168.752 162.019
internal_count=6927 4220 2744 1905 839 2707 1462 443 1302 147 1476 372 1438 307
is_linear=0
shrinkage=0.05


Tree=16
num_leaves=15
num_cat=0
split_feature=46 28 116 78 114 100 122 123 2 24 114 80 78 67
split_gain=400.431 351.021 221.562 135.504 86.0152 70.0755 74.326 69.3133 69.2698 68.35 61.3519 50.7035 48.6518 60.2983
threshold=3.0160999813233506e-05 767.00000000000011 1.8902438879013064 0.0029251328669488434 0.56934255361557018 0.035115391016006477 -2.4019448757171626 -30.704220771789547 214.84981536865237 102.25000000000001 0.46965147554874426 0.00043140711204614496 0.15268065780401233 37.996837615966804
decision_type=10 2 2 2 2 10 10 10 8 10 2 2 2 2
left_child=1 2 8 5 9 -4 -7 -6 -1 -2 -3 -12 -5 -14
right_child=4 10 3 12 7 6 -8 -9 -10 -11 11 -13 13 -15
leaf_value=0.054791111591767583 -0.06448071878524074 -0.064972299607963385 0.055526270817336049 0.051569074987036473 0.061768970208623486 0.0030189618135486947 -0.054791608143813224 -0.054118092483530528 -0.029291631401494905 0.085430818450993887 -0.048875742279221826 0.056145576183705304 -0.068066908666562412 0.059001558131000179
leaf_weight=460.79533603042364 260.75066758692265 137.12095634639263 25.207021482288837 122.63498696684837 28.214872859418392 94.613355703651905 133.48825726658106 22.136253662407398 25.266284964978695 7.0017328709363928 22.398975998163223 21.58888778090477 20.82960506528616 15.349249623715876
leaf_count=704 2420 1259 41 205 70 421 1009 200 140 17 181 54 164 27
internal_value=0.000193932 0.0147303 0.0275387 0.000555532 -0.0490179 -0.0221188 -0.0309041 0.0107589 0.0503692 -0.0602572 -0.0485941 0.00277016 0.0366332 -0.0140199
internal_weight=1397.4 1079.29 898.184 412.122 318.104 253.309 228.102 50.3511 486.062 267.752 181.109 43.9879 158.814 36.1789
internal_count=6912 4205 2711 1867 2707 1471 1430 270 844 2437 1494 235 396 191
is_linear=0
shrinkage=0.05


Tree=17
num_leaves=15
num_cat=0
split_feature=128 17 2 116 112 39 4 35 110 67 21 121 34 97
split_gain=376.392 194.527 145.027 132.35 127.669 85.099 80.8152 73.2763 69.427 67.2671 55.5666 46.9543 41.6747 40.8227
threshold=37.314910888671882 0.0027521742740646009 157.74160766601565 1.8493428230285647 1087.0000000000002 0.10659369826316835 30.895639419555668 1413.9710083007815 44562.283203125007 28.254610061645511 0.02249543555080891 51151.453125000007 32.575269699096687 0.00025626100250519818
decision_type=8 10 8 2 2 10 10 10 2 2 10 2 8 10
left_child=1 -1 4 -3 5 9 10 -8 -9 -2 13 -7 -4 -5
right_child=2 3 12 6 -6 11 7 8 -10 -11 -12 -13 -14 -15
leaf_value=-0.054246091735482574 -0.073708563606679059 0.036233760765354645 0.029313212655877382 -0.031255365188941758 -0.053726205496195945 -0.057995965799655352 -0.051767530138099371 0.055170559478413816 -0.059241051450401788 0.056156756957962566 -0.070065652602696996 0.0572142606536514 -0.065712071685410309 0.040334935643374883
leaf_weight=289.42500875145197 9.3850226774811727 150.45019928365946 14.804190933704374 24.696064203977585 32.982850581407547 27.702599316835403 182.7054995149374 35.389215417206287 19.89559281617403 426.70527432858944 16.852372333407402 11.862650334835051 44.491176895797253 89.868053153157234
leaf_count=2661 70 413 46 157 286 212 1447 65 165 648 132 17 351 277
internal_value=0.000418421 -0.0214689 0.0315899 -0.00315145 0.0402218 0.0468354 -0.0192466 -0.0365715 0.0136757 0.0531997 0.0121675 -0.0228942 -0.0418946 0.0247656
internal_weight=1377.22 809.282 567.934 519.857 508.638 475.656 369.407 237.99 55.2848 436.09 131.416 39.5652 59.2954 114.564
internal_count=6947 5317 1630 2656 1233 947 2243 1677 230 718 566 229 397 434
is_linear=0
shrinkage=0.05


Tree=18
num_leaves=15
num_cat=0
split_feature=48 11 116 67 112 79 49 124 17 7 104 113 7 84
split_gain=370.306 324.029 197.342 97.8594 97.6174 80.6792 79.2058 72.3242 64.5834 53.1102 38.5932 46.3897 40.1651 37.0454
threshold=5.9728748965426355e-05 0.00060078149545006465 1.8902438879013064 30.858586311340336 622.50000000000011 0.10035246983170511 0.00024986249627545481 0.10013736411929132 0.055038018152117736 132.99542236328128 101.16666793823244 67879.367187500015 37.832799911499031 0.013652035966515543
decision_type=10 10 2 2 2 2 10 10 10 8 2 2 8 2
left_child=1 2 4 6 9 -3 -4 10 -5 -1 12 -12 -2 -6
right_child=7 5 3 8 13 -7 -8 -9 -10 -11 11 -13 -14 -15
leaf_value=0.046341764630153638 -0.0022499574414611766 0.059586142257515032 -0.069713504290930969 -0.057965748538366849 -0.046230666766312316 -0.01568636498828721 0.032021909262116649 0.030361094344226049 0.023763234149529674 -0.071760674289605184 0.070106750021274186 -0.063386638681316429 -0.06238711173253271 0.067141779834577434
leaf_weight=205.91906050592661 31.178124636411667 348.83424916863441 23.856577716767788 213.91815921664238 51.71208905428648 39.220905490219593 82.202980637550354 29.349487960338593 26.687185980379581 9.1103190407156927 13.230535611510279 11.008309565484522 258.46761012077332 7.4456751868128768
leaf_count=370 162 515 194 1837 407 214 253 100 89 75 34 104 2533 11
internal_value=0.000914606 0.0161792 -0.00623116 -0.0312614 0.025414 0.0519576 0.00870057 -0.043871 -0.0488398 0.041029 -0.0508864 0.00937009 -0.0559438 -0.0310826
internal_weight=1352.14 1008.91 620.852 346.665 274.187 388.055 106.06 343.234 240.605 215.029 313.885 24.2388 289.646 59.1578
internal_count=6898 3965 3236 2373 863 729 447 2933 1926 445 2833 138 2695 418
is_linear=0
shrinkage=0.05


Tree=19
num_leaves=15
num_cat=0
split_feature=46 28 116 73 121 8 2 60 122 84 2 85 67 126
split_gain=333.743 297.221 176.77 106.203 72.6825 68.7639 58.0151 55.1867 42.5331 42.0331 39.7496 39.4833 38.6612 34.9857
threshold=3.2250500225927688e-05 767.00000000000011 1.8822661042213442 182.0091247558594 -48496.242187499993 1358.8919067382815 192.40985107421878 1422.1384277343752 -2.4019448757171626 0.0034995867172256116 164.12142181396487 0.00068852995173074316 28.254610061645511 -14914.880859374998
decision_type=10 2 2 2 2 10 8 2 10 2 10 2 2 2
left_child=1 2 6 7 10 -5 12 8 13 -10 -2 -3 -1 -4
right_child=4 11 3 5 -6 -7 -8 -9 9 -11 -12 -13 -14 -15
leaf_value=-0.064572985014960421 0.051182773636544276 -0.053203796793480557 -0.063459400873277436 0.042348227966985903 -0.057122074753392683 -0.071982170825486344 -0.027483025792702939 0.045965443987918887 -0.054595606336200968 0.039182716538970069 -0.064224916913484989 0.039984193927141691 0.053035564081241916 0.017868307832935946
leaf_weight=6.3030060008168212 25.59185154736042 161.17304196953773 15.749433547258375 146.64875824004412 255.66681827604771 13.533207900822161 24.26593079417944 27.037883751094341 122.12302938103676 12.522224336862562 9.4231282547116262 11.513834916055201 412.28775665909052 61.823480896651745
leaf_count=38 65 1507 124 316 2541 114 140 52 995 33 87 33 650 248
internal_value=-0.000751374 0.0127836 0.0250396 0.000906024 -0.0478937 0.0323022 0.0467561 -0.0201607 -0.0287616 -0.0456495 0.0192037 -0.0467961 0.051115 0.000759044
internal_weight=1305.66 1014.98 842.295 399.438 290.682 160.182 442.857 239.256 212.218 134.645 35.015 172.687 418.591 77.5729
internal_count=6943 4250 2710 1882 2693 430 828 1452 1400 1028 152 1540 688 372
is_linear=0
shrinkage=0.05


Tree=20
num_leaves=15
num_cat=0
split_feature=31 8 11 79 42 17 101 121 0 127 115 42 61 65
split_gain=302.82 198.694 145.535 75.6949 68.9486 66.1315 106.312 59.595 73.7383 47.4805 41.9231 38.0657 36.3925 36.3738
threshold=173.35949707031253 46.865633010864265 0.00020319743634900081 0.063278470188379302 0.0038392785936594014 0.0027521742740646009 0.036693058907985694 32911.572265625007 147.50000000000003 -18.105352401733395 0.019691819325089458 0.0077033592388033876 37.877956390380866 28.371794700622562
decision_type=8 8 10 2 8 10 10 2 2 10 2 10 2 2
left_child=1 10 4 -4 7 -3 -7 12 -9 -5 11 -1 -2 -12
right_child=2 5 3 9 -6 6 -8 8 -10 -11 13 -13 -14 -15
leaf_value=-0.022681700104102163 0.021457216831085837 -0.05861617001351549 0.057530026256598636 0.048490371476870596 0.042618786933526859 0.04652702235397424 -0.040345541007650552 0.048519553729817033 -0.046178559891807525 -0.038399085578495591 -0.06595281505001814 0.052522345783369895 -0.048967792815593048 0.045365082800055329
leaf_weight=78.033386871218681 21.570304833352566 252.64325495809317 291.05387027561665 25.634236097335815 67.209460005164146 45.47335534542799 145.26189594715834 58.950265564024448 30.350343957543373 37.383015394210815 7.0175437778234473 20.390605539083481 105.28389509767294 104.84914813935757
leaf_count=459 75 2652 439 50 142 146 1210 124 252 254 64 32 746 245
internal_value=0.000978993 -0.022916 0.02548 0.0468061 -0.00123834 -0.0418705 -0.0194995 -0.0150084 0.0161798 -0.00284874 0.0170568 -0.00673003 -0.0369186 0.0378595
internal_weight=1291.1 653.669 637.435 354.071 283.364 443.379 190.735 216.155 89.3006 63.0173 210.291 98.424 126.854 111.867
internal_count=6890 4808 2082 743 1339 4008 1356 1197 376 304 800 491 821 309
is_linear=0
shrinkage=0.05


Tree=21
num_leaves=15
num_cat=0
split_feature=128 31 2 28 11 17 36 74 67 126 75 123 80 122
split_gain=314.086 134.311 127.288 103.793 79.3223 61.3075 60.537 51.8875 43.5697 39.7966 35.6329 35.3712 34.8627 34.5209
threshold=17.16109657287598 104.0075035095215 122.6922073364258 926.50000000000011 0.00020319743634900081 0.045174704864621169 1413.9710083007815 0.61621454358100902 28.254610061645511 50888.169921875007 0.004824218340218068 -224.16825866699216 0.0051021736580878505 -7.5894250869750968
decision_type=8 10 8 2 10 10 10 2 2 2 2 10 2 10
left_child=1 5 3 8 6 -1 11 -6 -2 -4 -9 -3 -13 -10
right_child=2 4 9 -5 7 -7 -8 10 13 -11 -12 12 -14 -15
leaf_value=-0.05366461128629723 -0.048665368683407616 0.013989244363488029 -0.04788630884722922 -0.048287079411534317 -0.033903342601916332 0.0055469918006696289 0.020037969635210619 -0.063798905447552651 0.056957555013838479 0.02622497053735803 0.052276824502216823 -0.06070546437905297 0.011315874622747463 0.027664430517206424
leaf_weight=286.57683625072241 11.606403373181818 27.14652656018734 63.697077222168446 31.914911478757858 25.02935516089201 51.344045326113701 66.791445389389992 6.2405404672026625 282.88111671805382 24.417212381958961 100.97017755359411 99.57313959300518 19.83148331195116 160.8520018979907
leaf_count=2958 74 98 502 310 184 269 266 55 433 85 192 912 72 463
internal_value=0.000586383 -0.0223133 0.0277814 0.0377751 -0.000378567 -0.0446781 -0.0192097 0.0299178 0.0438998 -0.0272856 0.0449931 -0.0371116 -0.0487491 0.046425
internal_weight=1258.87 683.504 575.369 487.254 345.583 337.921 213.343 132.24 455.34 88.1143 107.211 146.551 119.405 443.733
internal_count=6873 5006 1867 1280 1779 3227 1348 431 970 587 247 1082 984 896
is_linear=0
shrinkage=0.05


Tree=22
num_leaves=15
num_cat=0
split_feature=123 123 48 29 35 2 42 7 4 59 5 128 69 72
split_gain=277.838 156.584 133.534 140.875 111.49 84.3759 53.2235 46.0474 44.6378 35.8608 32.1332 35.0394 29.9163 28.7962
threshold=48.376951217651374 -17.226370811462399 5.9728748965426355e-05 902510.37500000012 1415.1473388671877 41.072780609130866 0.00094406676362268638 94.934288024902358 30.832298278808597 2659.097290039063 133.74331665039065 195.46988677978518 180.19547271728518 51.968883514404304
decision_type=8 10 10 2 10 10 10 8 8 2 10 8 2 2
left_child=1 6 3 12 8 -6 7 10 -3 -7 11 -1 -2 -4
right_child=2 4 13 -5 5 9 -8 -9 -10 -11 -12 -13 -14 -15
leaf_value=-0.0513864706920453 0.050242274767343179 -0.011635447555617818 0.072914566174159715 -0.057879194971811349 0.047566628691729597 0.048813176822820742 0.051537134728179695 -0.044820367681673218 -0.053423957607002193 -0.060960257823377363 0.039772135438969902 0.028430829435121482 -0.023358233299825649 -0.051331518046832884
leaf_weight=27.295968443155289 376.68572171777487 79.310226775705814 4.226265735924243 33.6080222427845 64.09332412481308 8.4145026877522451 69.90383442491293 42.031603045761585 342.52565215528011 37.688749745488167 62.37755136936903 25.842731647193432 13.780288182199 53.855826437473297
leaf_count=223 673 507 8 310 134 14 131 350 3450 367 165 67 77 469
internal_value=-0.000274913 -0.0191119 0.029375 0.0391166 -0.0339371 0.0107678 0.0155625 -0.00062379 -0.0456133 -0.0403141 0.0157042 -0.0127611 0.0475917 -0.0412098
internal_weight=1241.64 759.484 482.156 424.074 532.032 110.197 227.452 157.548 421.836 46.1033 115.516 53.1387 390.466 58.0821
internal_count=6945 5408 1537 1060 4472 515 936 805 3957 381 455 290 750 477
is_linear=0
shrinkage=0.05


Tree=23
num_leaves=15
num_cat=0
split_feature=48 28 122 11 79 36 123 69 129 6 65 33 20 8
split_gain=276.532 245.9 151.05 100.123 85.8393 84.0204 52.9472 43.8434 40.7132 45.65 35.4052 34.9885 32.457 30.4565
threshold=5.9728748965426355e-05 888.50000000000011 -10.826373577117918 0.0011710179969668391 0.11142147704958917 1413.9710083007815 -124.83932495117186 42.858585357666023 0.088208876550197615 30.858586311340336 20.99542331695557 234.849479675293 0.00038735740236006683 1358.8919067382815
decision_type=10 2 10 10 2 8 8 2 8 10 2 10 8 8
left_child=1 2 13 5 -5 8 11 -7 9 -4 -3 -2 -10 -1
right_child=6 10 3 4 -6 7 -8 -9 12 -11 -12 -13 -14 -15
leaf_value=0.049918609800730034 -0.061108072164415973 0.047498118258764085 -0.0018645134445034826 0.059178445358435111 -0.055484223531531679 0.040385448125418721 -0.050327542366953672 -0.039436266947513676 -0.099436618744926084 -0.062691228206629687 -0.052646687640021818 0.037236746652454626 0.036718136352474978 -0.032188066365620792
leaf_weight=365.07642418146133 11.623100154101847 8.6821077391505224 43.926467053592205 102.05981312692165 18.575028888881207 79.225192792713642 255.29325938969851 21.036968030035496 4.1671978309750548 103.07929961383343 134.8633486405015 31.014996327459812 28.26644428819418 11.008702151477335
leaf_count=644 119 37 211 141 152 191 2700 148 36 914 1398 95 69 66
internal_value=4.31794e-05 0.0136058 0.0247271 0.00332854 0.041212 -0.0130991 -0.0417415 0.0234132 -0.0335172 -0.0446511 -0.0463029 0.00964206 0.0167735 0.0474362
internal_weight=1217.9 919.967 776.422 400.336 120.635 279.702 297.931 100.262 179.439 147.006 143.545 42.6381 32.4336 376.085
internal_count=6921 4007 2572 1862 293 1569 2914 339 1230 1125 1435 214 105 710
is_linear=0
shrinkage=0.05


Tree=24
num_leaves=15
num_cat=0
split_feature=4 29 49 36 137 114 137 126 57 121 126 86 45 58
split_gain=248.082 177.799 144.065 88.8278 88.8845 68.4619 59.8764 56.5849 44.4397 65.4434 44.276 43.0531 36.389 32.9862
threshold=38.666666030883796 1080440.5000000002 0.0001077410015568603 1413.9710083007815 89.115234375000014 0.46965147554874426 49.289484024047859 -58145.369140624993 174.50000000000003 148455.82812500003 47581.488281250007 0.97517454624176036 0.1721841096878052 119851.44531250001
decision_type=8 2 10 10 2 2 2 2 2 2 2 2 10 2
left_child=1 2 8 4 6 -3 13 -2 -1 -10 12 -6 -8 -4
right_child=7 5 3 -5 11 -7 10 -9 9 -11 -12 -13 -14 -15
leaf_value=0.05214728213334411 0.030104315365304002 -0.058674258730621209 0.029005403454115071 0.03554268690617942 0.037826689708846228 0.032315990702222845 -0.062022236048859314 -0.062378599582271391 -0.076349129694578771 0.036992000287407976 0.0043279389973269571 -0.028486678900679692 0.025917790111116334 -0.051280054955319711
leaf_weight=286.03932791948318 17.828076556324959 112.38458886742592 57.450992621481419 148.93913078308105 106.46083328872919 24.602782979607582 133.84616968035698 160.87823446840048 16.765791490674019 44.007932178676128 40.73894902318716 30.892535403370857 12.346603311598299 15.412293732166289
leaf_count=479 92 1273 215 412 312 105 1250 1948 158 122 201 202 52 147
internal_value=0.00117645 0.0106257 0.0187709 0.00274633 -0.00961138 -0.0422167 -0.0267763 -0.0530362 0.0439226 0.00499453 -0.0417008 0.0228139 -0.0544697 0.0115588
internal_weight=1208.59 1029.89 892.901 546.088 397.148 136.987 259.795 178.706 346.813 60.7737 186.932 137.353 146.193 72.8633
internal_count=6968 4928 3550 2791 2379 1378 1865 2040 759 280 1503 514 1302 362
is_linear=0
shrinkage=0.05


Tree=25
num_leaves=15
num_cat=0
split_feature=123 123 29 46 30 134 61 84 73 11 39 70 127 128
split_gain=240.578 128.348 85.6729 100.24 70.7834 53.8189 50.3877 44.5295 44.1844 40.591 47.0484 36.6304 36.1907 32.6761
threshold=67.656398773193374 -16.038172721862789 902510.37500000012 3.2250500225927688e-05 1413.7979736328127 0.96897748112678539 41.103340148925788 0.0074165749829262504 187.57407379150393 0.0036566127091646199 0.33974359929561621 50.118621826171882 222.88723754882815 -21.719666481018063
decision_type=8 10 2 10 10 2 2 2 2 10 10 2 8 10
left_child=1 7 3 -2 5 -3 -6 9 13 12 -11 -5 -1 -7
right_child=2 4 -4 11 6 8 -8 -9 -10 10 -12 -13 -14 -15
leaf_value=-0.045368212251591891 0.044337303872548084 -0.050721837984632916 -0.048697305408332225 0.075494286397891519 0.042525635661533744 0.024249763915760551 -0.046425827527403186 0.050299801497875586 0.032924391419467749 0.049560126259498891 -0.048906367561584792 -0.052598915931728968 0.020738632747223564 -0.043485720445219714
leaf_weight=56.816608175635338 367.23699412494898 291.65523675084114 31.49841046333313 5.6027975156903258 49.953895337879658 21.748123727738857 22.214022189378738 62.132984459400177 37.366298638284206 55.764991521835327 14.565001949667929 38.350024424493313 31.515077248215675 85.101343654096127
leaf_count=461 773 3146 298 10 106 109 212 122 153 115 142 382 106 820
internal_value=0.000654501 -0.0169975 0.0296892 0.0357974 -0.0308115 -0.0383943 0.0148852 0.0147835 -0.0132861 0.000647209 0.0287684 -0.0349543 -0.0218144 -0.0296018
internal_weight=1171.52 728.834 442.688 411.19 508.039 435.871 72.1679 220.795 144.216 158.662 70.33 43.9528 88.3317 106.849
internal_count=6955 5492 1463 1165 4546 4228 318 946 1082 824 257 392 567 929
is_linear=0
shrinkage=0.05


Tree=26
num_leaves=15
num_cat=0
split_feature=48 11 57 79 4 95 122 104 114 1 76 65 122 117
split_gain=225.671 243.176 130.6 58.5486 55.1253 48.0691 46.4175 46.2639 54.2595 52.3549 45.1255 36.9103 36.1631 33.8168
threshold=5.9728748965426355e-05 0.0006676329066976906 60.500000000000007 0.10035246983170511 30.895639419555668 1.5553999901385398e-06 -2.2119510173797603 101.16666793823244 0.56934255361557018 2040.2090454101565 0.017316341400146488 28.371794700622562 -4.2583003044128409 1.2500000000000002
decision_type=10 10 2 2 10 10 10 2 2 2 2 2 10 2
left_child=1 2 6 -3 5 -4 11 8 -2 -10 -9 -1 -6 -8
right_child=7 3 4 -5 12 -7 13 10 9 -11 -12 -13 -14 -15
leaf_value=-0.067183174362939843 -0.055493824792312102 0.054172015204127379 -0.066144495298683867 -0.012857549280303041 -0.015496544081456988 0.020699967337332995 0.040814044358583844 -0.058366340688999388 0.054010557297089624 -0.052804267562857568 0.067749078331445792 0.042962967388752285 -0.060182376385613183 -0.026917911541739722
leaf_weight=7.1725164875388137 212.22352781146765 291.40651760995388 19.346733875572681 36.277571134269238 70.11431610584259 72.477780498564243 24.436026982963085 10.343524232506754 24.075532145798206 20.154024221003056 18.130592294037342 137.94857627898455 131.48999942094088 66.089425228536129
leaf_count=45 2519 515 191 209 474 285 53 118 75 225 46 297 1483 401
internal_value=0.000133094 0.0129563 -0.0080132 0.0467347 -0.0302295 0.00188704 0.0196615 -0.0383359 -0.0450384 0.00524703 0.0215104 0.0370965 -0.0447946 -0.00838849
internal_weight=1141.69 856.759 529.075 327.684 293.429 91.8245 235.647 284.927 256.453 44.2296 28.4741 145.121 201.604 90.5255
internal_count=6936 3953 3229 724 2433 476 796 2983 2819 300 164 342 1957 454
is_linear=0
shrinkage=0.05


Tree=27
num_leaves=15
num_cat=0
split_feature=128 123 2 30 112 2 4 137 39 26 73 43 125 7
split_gain=215.447 118.057 79.8206 70.2616 67.3982 48.4628 43.0361 41.3215 40.7899 38.5598 46.8658 37.6694 37.1524 32.9222
threshold=41.723075866699226 -19.035723686218258 164.12142181396487 1413.7979736328127 1820.5000000000002 41.072780609130866 30.832298278808597 97.085403442382827 0.11814556270837785 0.2313732132315636 109.64814758300783 0.16025641560554507 2.5000000000000004 28.371794700622562
decision_type=8 10 8 10 2 10 8 2 10 8 2 10 2 10
left_child=1 9 4 6 8 -5 -3 -4 13 10 -1 -10 -11 -2
right_child=2 3 7 5 -6 -7 -8 -9 11 12 -12 -13 -14 -15
leaf_value=-0.034240021885188369 -0.097522751476086619 -0.0077987658913946977 -0.060112569113642302 0.042232409245364949 -0.048559813019325826 -0.05301542788130325 -0.048572085179015345 0.049845008447300131 -0.067894986162962689 -0.065314433693317561 0.03766406518917681 0.032039268397432263 0.016689453245124823 0.045834981017929093
leaf_weight=26.531171604990959 3.1494421660900107 82.261841267347336 35.737736769020557 47.108721055090427 22.518413610756397 17.539804138243198 310.04809548705816 10.302130073308943 15.503888040781019 25.854675933718681 131.19675100594759 21.063972137868404 27.777401305735111 342.07734033465385
leaf_count=206 27 528 327 102 261 185 3563 21 166 256 396 60 128 710
internal_value=0.000154959 -0.0178481 0.0268516 -0.0321181 0.0339604 0.0159768 -0.0400641 -0.0349713 0.0389417 0.0130094 0.0254297 -0.0110099 -0.0233145 0.0442493
internal_weight=1118.67 668.318 450.353 456.958 404.313 64.6485 392.31 46.0399 381.795 211.36 157.728 36.5679 53.6321 345.227
internal_count=6936 5364 1572 4378 1224 287 4091 348 963 986 602 226 384 737
is_linear=0
shrinkage=0.05


Tree=28
num_leaves=15
num_cat=0
split_feature=128 127 2 112 69 4 8 42 33 92 31 128 30 65
split_gain=198.502 106.681 101.367 82.0877 70.1657 64.6905 38.5278 33.3495 31.1685 31.0228 28.4939 27.983 27.1569 26.969
threshold=18.753081321716312 2.5815707445144658 122.6922073364258 1820.5000000000002 46.869352340698249 30.858586311340336 36.858585357666023 0.0019874132703989749 1412.5584106445315 0.001127911498770118 373.45480346679693 217.65306091308597 84.547111511230483 28.371794700622562
decision_type=8 10 8 2 2 8 8 10 10 8 10 8 10 2
left_child=1 5 3 7 12 9 8 13 -7 -1 -4 -12 -3 -2
right_child=2 4 10 -5 -6 6 -8 -9 -10 -11 11 -13 -14 -15
leaf_value=0.014557107666923806 -0.027459844998372708 -0.055385346990640676 -0.052345228502607338 -0.058509322260748002 -0.022834456118256199 -0.043363505387475465 -0.051675732265591218 0.057888431566168477 0.057196032237341245 -0.063024710294346684 -0.060337763156309322 0.036369857026665189 0.039480645729487007 0.032725693431871587
leaf_weight=79.366178058087826 19.485989779233932 7.1887244656682006 45.802132688462734 21.784278780221939 94.958463810384274 13.92523627728224 260.39906586706638 151.01415214687586 14.962440989911554 14.347031764686106 9.6714663952589017 24.082713529467583 119.91780548542738 231.67145512253046
leaf_count=393 108 85 455 270 799 114 3180 237 23 127 81 64 341 637
internal_value=0.00128582 -0.0180019 0.0244534 0.0341649 0.00954528 -0.0339572 -0.0456177 0.0393174 0.00889255 0.00213969 -0.0270805 0.00772173 0.0337249 0.0279658
internal_weight=1108.58 605.065 503.512 423.956 222.065 383 289.287 402.172 28.8877 93.7132 79.5563 33.7542 127.107 251.157
internal_count=6914 5062 1852 1252 1225 3837 3317 982 137 520 600 145 426 745
is_linear=0
shrinkage=0.05


Tree=29
num_leaves=15
num_cat=0
split_feature=46 11 57 79 12 6 95 121 65 122 33 128 106 128
split_gain=181.481 211.077 110.882 72.5126 51.1114 52.7903 43.1193 41.3884 37.4884 42.4173 32.2471 29.3017 28.9528 24.684
threshold=3.2250500225927688e-05 0.00060078149545006465 60.500000000000007 0.10035246983170511 0.00042881678382400429 31.143082618713382 2.3443500367648089e-06 -52150.365234374993 28.371794700622562 -2.2119510173797603 1413.9710083007815 217.65306091308597 2954086.2500000005 -850.65014648437489
decision_type=10 10 2 2 10 10 10 2 2 10 10 10 2 8
left_child=1 2 8 12 5 6 -4 -2 -1 -10 -11 -5 -3 -9
right_child=7 3 4 11 -6 -7 -8 13 9 10 -12 -13 -14 -15
leaf_value=-0.05808293030662013 0.015100006263668942 0.053977574086731206 -0.034682265113097438 -0.04470721889523678 0.017779928733851865 -0.051387435443393817 0.04450802989951045 0.044126416806543611 0.04035346957030303 -0.028132372914161086 0.037624745763836107 0.046043312966062337 -0.056591865468758135 -0.051359184083920144
leaf_weight=14.303330130875109 29.462281070649624 276.34209936857224 38.02714753895998 29.770289726555347 49.361638307571411 183.95341708511114 29.720820635557175 6.2918664589524269 132.47952056676149 53.095954604446888 27.465598471462727 11.594440139830111 5.2774263247847548 187.43197297304869
leaf_count=92 152 496 286 240 205 2063 69 42 306 350 62 20 55 2467
internal_value=0.000348511 0.0108762 -0.00859153 0.042654 -0.0284546 -0.0375562 0.000200345 -0.0396812 0.0177218 0.0230588 -0.00552756 -0.0187837 0.0517126 -0.0480473
internal_weight=1074.58 851.392 528.407 322.984 301.063 251.701 67.748 223.186 227.344 213.041 80.5616 41.3647 281.62 193.724
internal_count=6905 4244 3433 811 2623 2418 355 2661 810 718 412 260 551 2509
is_linear=0
shrinkage=0.05


Tree=30
num_leaves=15
num_cat=0
split_feature=65 42 1 67 121 129 28 70 93 85 75 7 56 99
split_gain=184.651 158.311 82.7136 66.1538 55.1233 70.1315 47.7196 37.7752 36.6029 32.4309 28.9431 28.3201 29.2108 22.2324
threshold=38.71052551269532 0.0040568117983639249 37469.490234375007 30.832298278808597 28322.967773437504 0.022296764887869362 960.50000000000011 1413.9710083007815 0.0004499550123000518 0.034286834299564369 0.0051691376138478526 110.93428802490236 137.50000000000003 6.249169746297413e-05
decision_type=2 8 2 2 2 8 2 2 8 2 2 8 2 8
left_child=1 2 4 10 5 7 -6 -1 11 -3 -4 12 -7 -2
right_child=13 9 3 -5 6 8 -8 -9 -10 -11 -12 -13 -14 -15
leaf_value=-0.040553068112731051 0.046517390488469201 0.049011077282516385 -0.058406922102592941 -0.054689152350970341 0.035662606333800854 0.019637238985815295 -0.057119993811216074 0.0083901790006646517 0.059081084221497861 -0.043444620457520899 0.047157199646196711 -0.059799686820696009 -0.068395593902128987 -0.057378216041881182
leaf_weight=133.52535401284695 4.6465363875031462 219.88413194566965 7.4934132918715468 111.35215433314443 171.56809718906879 117.76179288327694 14.177708074450491 55.341178670525551 39.567252926528454 9.16980431973934 27.463311418890953 14.043430820107458 9.2597153559327108 129.22005124762654
leaf_count=1174 8 462 85 1422 547 443 182 241 87 70 92 174 84 1863
internal_value=0.0012283 0.00914318 -0.00265616 -0.0359671 0.00617026 -0.00500705 0.0283127 -0.0262432 0.0172194 0.045137 0.0235332 0.00514442 0.0127356 -0.0534538
internal_weight=1064.47 930.607 701.553 146.309 555.245 369.499 185.746 188.867 180.632 229.054 34.9567 141.065 127.022 133.867
internal_count=6934 5063 4531 1599 2932 2203 729 1415 788 532 177 701 527 1871
is_linear=0
shrinkage=0.05


Tree=31
num_leaves=15
num_cat=0
split_feature=4 42 56 49 4 121 101 124 85 36 11 124 29 64
split_gain=180.875 148.207 77.8856 74.9483 69.2722 47.0261 34.9442 33.622 29.4473 29.0096 28.293 28.1586 38.3458 24.7241
threshold=38.666666030883796 0.0053990154992789039 175.50000000000003 9.3901999207446365e-05 30.895639419555668 41661.492187500007 0.1737659499049187 0.57089710235595714 0.034286834299564369 1404.2368164062502 0.0006676329066976906 -0.014347856398671864 999281.25000000012 30.858586311340336
decision_type=8 8 2 10 10 2 8 8 2 10 10 10 2 2
left_child=1 2 3 -1 9 6 13 -2 -3 10 -4 12 -6 -5
right_child=7 8 4 5 11 -7 -8 -9 -10 -11 -12 -13 -14 -15
leaf_value=0.04617571382712074 -0.059102111047413503 0.049812743824932851 -0.04187949904376026 0.010796026553321382 0.020218032472748018 0.041377500339979105 0.012961332853938426 0.018868566766826772 -0.040340923569529508 0.044181250352983689 0.037990691882203283 -0.060115948412946131 -0.060270230727186916 -0.033718547866445195
leaf_weight=111.54220552742481 126.46664515510201 206.42231112718582 30.675697028636932 40.289112269878387 32.272019036114216 53.720592223107815 107.61209366470575 15.039393626153467 8.7547324523329717 37.640460036695004 16.132204361259937 98.464315194636583 25.775578174740076 131.23039327189326
leaf_count=226 1946 427 258 201 141 143 515 72 68 113 45 1299 325 1088
internal_value=0.00160559 0.00987829 -0.00150529 0.0109023 -0.0243386 -0.00102111 -0.00929956 -0.0507411 0.0459751 0.0120715 -0.0141336 -0.0439362 -0.0159376 -0.0232603
internal_weight=1042.04 900.532 685.355 444.394 240.96 332.852 279.132 141.506 215.177 84.4484 46.8079 156.512 58.0476 171.52
internal_count=6867 4849 4354 2173 2181 1947 1804 2018 495 416 303 1765 466 1289
is_linear=0
shrinkage=0.05


Tree=32
num_leaves=15
num_cat=0
split_feature=48 11 116 123 52 122 114 1 73 126 67 126 125 69
split_gain=162.295 159.566 115.278 52.5168 47.2455 43.1476 40.7511 39.0578 36.4129 38.0225 33.149 30.7332 30.545 28.5108
threshold=5.9728748965426355e-05 0.00060078149545006465 1.8493428230285647 -200.55136108398435 284.25000000000006 -2.4019448757171626 0.48389825224876409 18172.794921875004 269.95454406738287 -488026.07812499994 23.930794715881351 -54809.146484374993 -26.499999999999996 132.99542236328128
decision_type=10 10 2 8 10 10 2 2 2 2 2 2 2 2
left_child=1 2 4 -2 10 12 -7 -3 -9 -10 -1 -5 -4 -12
right_child=3 7 5 11 -6 6 -8 8 9 -11 13 -13 -14 -15
leaf_value=-0.093862829014690924 0.019482195794098912 0.05231403291302289 -0.048900010793370974 0.011354592323610252 -0.026245189090350826 -0.051878492645177979 0.0087433537874919177 -0.04071134038801856 -0.083765104193607831 0.053528590057509789 0.041982548083078816 -0.051148360893111026 0.013481891672661839 -0.060566904454850259
leaf_weight=3.9887414872646323 37.161122396588326 213.60682656615973 24.421842273324728 21.617134720087051 38.932159673422575 146.43410147726536 33.817753743380308 23.516481444239616 4.9085216447710982 36.768900245428085 161.22273404896259 185.79100014269352 85.026637740433216 6.2207280509173861
leaf_count=32 178 400 225 168 383 1640 186 201 44 74 343 2637 413 62
internal_value=0.00061614 0.0117776 -0.00513039 -0.0348325 0.0229788 -0.0255506 -0.0405195 0.0420143 0.00798698 0.0357751 0.0342449 -0.0446108 -0.000754438 0.0378358
internal_weight=1023.43 778.865 500.065 244.569 210.364 289.7 180.252 278.801 65.1939 41.6774 171.432 207.408 109.448 167.443
internal_count=6986 4003 3284 2983 820 2464 1826 719 319 118 437 2805 638 405
is_linear=0
shrinkage=0.05


Tree=33
num_leaves=15
num_cat=0
split_feature=4 11 79 0 5 122 65 125 1 42 125 32 69 127
split_gain=149.545 129.675 97.7183 76.282 57.0034 55.0934 55.0123 40.3121 39.6457 38.9794 36.3434 36.2018 29.5767 29.499
threshold=38.666666030883796 0.00038704043254256254 0.07705803215503694 147.50000000000003 59.000000000000007 -2.4019448757171626 28.371794700622562 1.0000000180025095e-35 100862.07421875001 0.0075282428879290828 -52.499999999999993 32.575269699096687 32.696172714233406 -37.342412948608391
decision_type=8 10 2 2 10 10 2 2 2 8 2 10 2 8
left_child=1 3 8 5 -5 6 -1 -8 -3 11 -2 -7 -6 -4
right_child=10 2 13 4 12 9 7 -9 -10 -11 -12 -13 -14 -15
leaf_value=-0.052249475113748271 0.018056368877396443 0.051999118057449445 0.037173717508179077 0.040698300562885294 0.026629865109746482 0.010853193723101184 -0.005037301381467108 0.04630327800841743 -0.030649248590692554 0.043660899284851978 -0.058307812793315622 -0.047832603027286431 -0.050768870503693136 -0.035870856126906693
leaf_weight=20.874467648565769 17.518205169588327 245.93697543442249 17.426536966115236 21.851170368492603 12.898212302476166 38.547771167010069 53.207002565264702 133.23254173249006 14.783289343118666 21.11711923032999 115.36403805017471 79.473052497953176 141.98416044190526 55.296763811260462
leaf_count=166 111 499 53 83 57 216 282 333 125 45 1913 698 1783 531
internal_value=0.000966968 0.00863818 0.0329572 -0.00689446 -0.0335279 0.0067493 0.0230394 0.0317028 0.0472136 -0.0175139 -0.0481809 -0.0287346 -0.0441938 -0.0181005
internal_weight=989.511 856.629 333.444 523.185 176.734 346.452 207.314 186.44 260.72 139.138 132.882 118.021 154.882 72.7233
internal_count=6895 4871 1208 3663 1923 1740 781 615 624 959 2024 914 1840 584
is_linear=0
shrinkage=0.05


Tree=34
num_leaves=15
num_cat=0
split_feature=128 33 11 30 36 56 112 125 72 79 134 123 58 61
split_gain=144.476 94.7276 78.5599 51.4283 48.423 49.1964 47.4714 46.7384 46.4453 41.2377 39.187 32.8384 29.2658 28.7181
threshold=236.60269927978518 1351.6320800781252 0.00020319743634900081 266.89469909667974 1422.6373291015627 282.50000000000006 1087.0000000000002 -1086.4999999999998 51.968883514404304 0.083896398544311537 0.061868688091635711 7.2497086524963388 51796.617187500007 41.103340148925788
decision_type=8 10 10 8 10 2 2 2 2 2 2 8 2 2
left_child=1 -1 4 8 5 11 -5 -4 -2 -9 -6 -3 -11 -12
right_child=3 2 7 6 10 -7 -8 9 -10 12 13 -13 -14 -15
leaf_value=-0.046298088515364828 0.039365290084522983 -0.033691298288645109 -0.082346835314623321 0.043274264534149565 -0.069380487468450852 -0.061330040064041462 -0.03542019136130841 0.048004231368746153 -0.05609786447336497 0.046826845959041387 0.059882403015374598 0.0074043752958495961 -0.057739216616702019 -0.0085715028233337119
leaf_weight=165.96318589150906 20.475678876042366 94.070892855525017 8.1412614434957487 234.69646031782031 9.6881832256913167 70.604405418038368 20.120372585952282 112.09065455943346 30.533041052520275 9.6099428012967127 39.594072081148624 98.869458943605423 17.383738614618778 24.248541962355375
leaf_count=2483 49 836 80 556 105 1012 257 245 341 25 57 500 173 174
internal_value=-0.00049406 -0.0138205 -0.00261847 0.0277942 -0.0159201 -0.0259128 0.0369464 0.0277377 -0.0177574 0.0347234 0.0197623 -0.0127028 -0.02017 0.0341512
internal_weight=956.09 650.264 484.301 305.826 337.076 263.545 254.817 147.226 51.0087 139.084 73.5308 192.94 26.9937 63.8426
internal_count=6893 5690 3207 1203 2684 2348 813 523 390 443 336 1336 198 231
is_linear=0
shrinkage=0.05


Tree=35
num_leaves=15
num_cat=0
split_feature=4 42 11 39 123 56 126 0 39 128 30 97 51 65
split_gain=136.377 117.197 69.6678 82.6658 53.6478 53.7914 36.431 34.4627 34.2743 29.2865 33.7828 27.8686 25.7555 25.4093
threshold=38.666666030883796 0.0040568117983639249 0.00038704043254256254 0.38052062690258032 20.12854099273682 147.50000000000003 -61848.056640624993 272.50000000000006 0.10659369826316835 -62.401212692260735 1424.5075683593752 0.00048399048682767903 10.500000000000002 28.371794700622562
decision_type=8 8 10 10 8 2 2 2 10 10 10 10 2 2
left_child=1 2 4 -4 9 8 -2 -3 13 12 -11 -12 -1 -6
right_child=6 7 3 -5 5 -7 -8 -9 -10 10 11 -13 -14 -15
leaf_value=-0.015880145199231369 0.02312639786839174 0.049096692372642747 0.037193888281359777 -0.046102495713935716 -0.052627260744280403 -0.036986003005113961 -0.057759959960642628 -0.020732220750458316 -0.067198282246995117 -0.043101198082693894 -0.068431752813795141 0.050982694731767857 0.060166561716178374 0.038920164907895363
leaf_weight=38.957485403865576 15.398355368524788 175.92516452819109 164.51541012898088 35.428622875362635 7.2894594557583323 46.397293791174889 108.61464891210198 19.079006116837263 8.3305855095386487 184.84692752733827 5.6839035451412228 17.545969858765602 14.444312032312153 108.57647420465946
leaf_count=253 98 375 510 435 66 445 1929 147 71 2132 54 29 40 305
internal_value=0.001067 0.00841516 -0.00205719 0.0222784 -0.0133441 0.00844114 -0.0476119 0.0421938 0.0255717 -0.0275352 -0.0359777 0.0201459 0.00541711 0.0327596
internal_weight=951.034 827.021 632.016 199.944 432.072 170.594 124.013 195.004 124.197 261.479 208.077 23.2299 53.4018 115.866
internal_count=6889 4862 4340 945 3395 887 2027 522 442 2508 2215 83 293 371
is_linear=0
shrinkage=0.05


Tree=36
num_leaves=15
num_cat=0
split_feature=42 36 125 128 6 29 38 69 106 116 111 69 69 121
split_gain=125.262 72.1704 65.4325 60.2148 62.9658 49.449 40.3477 38.3732 29.9434 27.9703 25.3027 25.1673 20.2079 19.8396
threshold=0.00175190408481285 1413.9710083007815 14.500000000000002 -437.22898864746088 30.832298278808597 1343036.4375000002 0.025807525962591175 48.250652313232429 225949.23437500003 0.80716174840927135 397.86857604980474 180.19547271728518 28.371794700622562 13095.746093750002
decision_type=10 8 2 10 8 2 10 2 2 2 2 2 2 2
left_child=1 3 7 6 10 11 8 -2 12 13 -5 -3 -1 -6
right_child=2 5 -4 4 9 -7 -8 -9 -10 -11 -12 -13 -14 -15
leaf_value=-0.070691540760192031 0.024859555107768994 0.031930198177216505 0.050273946662003514 -0.061191301018290262 -0.02942313891424507 -0.048766891663526539 -0.056083873678013152 -0.052509230272094448 -0.047307397490594927 -0.046734757050923843 0.016717061895948532 -0.062287142524037324 0.03366872338292589 0.046291957822939878
leaf_weight=3.9467797204852095 34.805345699191093 147.23262245208025 155.82652881368995 10.993945024907587 20.157751981168985 23.667953338474035 19.556818131357431 28.065827667713165 13.713105339556931 257.86305024474859 78.92041552066803 6.5375444851815692 99.838307116180658 13.638574708253143
leaf_count=37 128 461 407 110 209 356 205 356 158 3567 364 67 424 33
internal_value=7.05204e-05 -0.0103055 0.0329916 -0.0197145 -0.0299045 0.0171523 0.00866652 -0.00995941 0.0198261 -0.0411495 0.00662282 0.027548 0.0290633 0.0015841
internal_weight=914.765 696.067 218.698 518.629 381.574 177.438 137.055 62.8712 117.498 291.659 89.9144 153.77 103.785 33.7963
internal_count=6882 5991 891 5107 4283 884 824 484 619 3809 474 528 461 242
is_linear=0
shrinkage=0.05


Tree=37
num_leaves=15
num_cat=0
split_feature=128 3 2 30 100 28 33 59 67 126 122 123 121 33
split_gain=115.099 85.8759 79.3114 53.3216 51.7149 49.718 45.7382 42.6591 26.6629 26.5401 24.3757 24.646 23.8227 23.9015
threshold=16.00293064117432 11.285799980163576 119.62355041503908 1415.6291503906252 0.54755458235740673 926.50000000000011 898.79873657226574 17147.917968750004 28.254610061645511 147089.58593750003 -6.2934741973876944 -16.038172721862789 1501.6457519531252 1415.1473388671877
decision_type=8 10 8 10 10 2 10 2 2 2 10 10 2 10
left_child=1 3 5 -1 6 8 -3 -8 -2 -9 -10 -12 13 -13
right_child=2 4 -4 -5 -6 -7 7 9 10 -11 11 12 -14 -15
leaf_value=-0.053172874169764496 -0.043472335876986491 -0.047839668957926552 -0.032342782176687457 0.010401874286569447 0.054147099814305925 -0.044853390269627452 0.021558576730692055 -0.049320426074203436 0.046703203910310645 0.019433759886550259 0.040039713153103292 -0.073881886404442196 0.021943195889377987 0.025825992402511235
leaf_weight=176.26400927454233 10.254368267953394 54.524145346134901 64.440208818763494 40.159614086151123 37.822939552366734 21.175231229513884 119.50714341551065 45.072183359414339 187.69947906211019 19.538824796676636 59.339620653539896 16.944672342389826 33.823178328573704 8.4123189002275449
leaf_count=2806 71 936 599 228 112 317 434 466 431 113 143 153 130 23
internal_value=-0.00169304 -0.017872 0.0181346 -0.0413823 0.00061522 0.0278353 -0.00805971 0.00391539 0.0328249 -0.0285494 0.035513 0.0175486 -0.00529364 -0.0410784
internal_weight=894.978 492.889 402.089 216.424 276.465 337.649 238.642 184.118 316.474 64.611 306.219 118.52 59.1802 25.357
internal_count=6962 5095 1867 3034 2061 1268 1949 1013 951 579 880 449 306 176
is_linear=0
shrinkage=0.05


Tree=38
num_leaves=15
num_cat=0
split_feature=4 11 39 0 5 67 116 39 64 125 32 69 1 125
split_gain=121.627 99.4478 79.5598 63.1361 49.8862 41.1912 39.4777 36.4272 34.9651 40.267 39.5893 31.274 29.6955 28.6626
threshold=38.666666030883796 0.00060078149545006465 0.42398563027381903 147.50000000000003 59.000000000000007 28.254610061645511 1.5475900173187258 0.12528026849031451 30.832298278808597 56.500000000000007 1411.8029785156252 32.696172714233406 100862.07421875001 -52.499999999999993
decision_type=8 10 10 2 10 2 2 10 2 2 10 2 2 2
left_child=1 3 12 5 -5 -1 7 -7 -8 10 -10 -6 -3 -2
right_child=13 2 -4 4 11 6 8 -9 9 -11 -12 -13 -14 -15
leaf_value=-0.060293018312648196 0.016757230593326743 0.043777327048558468 -0.04063848647018805 0.041441920865379817 0.030960399370001553 0.038846825281336428 0.040938894389443814 -0.064722377154460095 -0.042083131586385325 0.03730634044845018 0.033365206086343822 -0.048222634546941812 -0.029932133005331093 -0.056813213592801538
leaf_weight=19.94103816524148 14.897259917110203 262.9970121383667 33.539204515516758 20.361968100070953 13.11309242621064 128.44575930759311 34.418526090681553 8.1959136649966222 91.826821498572826 28.786747250705957 20.602246090769768 129.20513344183564 13.737144626677035 95.039343573153019
leaf_count=190 108 694 421 85 59 349 115 70 875 100 57 1822 121 1902
internal_value=0.00230558 0.00905772 0.031202 -0.00486044 -0.0302823 0.00764165 0.0121584 0.0322095 -0.00353527 -0.0145866 -0.0280852 -0.0407617 0.0400238 -0.0467827
internal_weight=915.107 805.171 310.273 494.897 162.68 332.217 312.276 136.642 175.634 141.216 112.429 142.318 276.734 109.937
internal_count=6968 4958 1236 3722 1966 1756 1566 419 1147 1032 932 1881 815 2010
is_linear=0
shrinkage=0.05


Tree=39
num_leaves=15
num_cat=0
split_feature=11 79 116 91 121 38 34 28 30 10 67 8 115 6
split_gain=109.665 131.899 50.9649 55.2773 45.2892 41.3757 37.5774 28.4657 28.0199 27.5664 26.7621 25.1617 29.5912 24.1743
threshold=0.00038704043254256254 0.080306019634008421 0.86901152133941661 0.0026968274032697086 28322.967773437504 0.67486894130706798 1411.8029785156252 2103.0000000000005 264.14735412597662 0.012672828044742348 28.254610061645511 133.83280181884768 0.011259529273957016 30.832298278808597
decision_type=10 2 2 10 2 10 10 2 10 10 2 8 2 10
left_child=2 7 10 -4 5 6 13 -2 -3 -10 -1 12 -12 -5
right_child=1 8 3 4 -6 -7 -8 -9 9 -11 11 -13 -14 -15
leaf_value=-0.062660605844368389 0.046797235922015248 -0.050480723626817749 -0.054413707667049761 -0.010794387247982028 0.013788993820134885 0.080270988884028019 0.004449552213882056 -0.055871214371946309 -0.030772822897016629 0.049147851824313207 -0.027533877520225 -0.035889160570140716 0.039217421039828962 -0.057273057725779258
leaf_weight=9.8676872178912145 224.29637944325805 51.851825304329395 98.302771799266338 39.570332501083612 112.44538812711835 7.8893314935266963 55.246431577950716 6.1528574004769316 23.744657285511494 18.139869514852762 19.375821191817522 17.158891972154379 93.861191395670176 99.147252358496189
leaf_count=90 577 905 1946 237 645 23 293 71 231 53 211 182 292 1184
internal_value=0.000492403 0.0235399 -0.0130401 -0.0218785 -0.0115622 -0.0256828 -0.030382 0.0438265 -0.0262706 0.00417914 0.0129297 0.0190834 0.0276547 -0.0441868
internal_weight=877.051 324.186 552.865 412.602 314.299 201.853 193.964 230.449 93.7364 41.8845 140.264 130.396 113.237 138.718
internal_count=6940 1837 5103 4328 2382 1737 1714 648 1189 284 775 685 503 1421
is_linear=0
shrinkage=0.05


Tree=40
num_leaves=15
num_cat=0
split_feature=65 11 79 0 5 122 65 33 28 86 134 125 129 69
split_gain=109.538 86.425 64.352 54.8483 39.6737 38.8279 40.2014 31.0595 30.6108 29.9259 28.9909 23.4018 22.3831 22.2772
threshold=38.71052551269532 0.00038704043254256254 0.063278470188379302 147.50000000000003 59.000000000000007 -2.4019448757171626 28.371794700622562 1410.9696044921877 2103.0000000000005 0.98699182271957409 0.96897748112678539 -2.4999999999999996 -0.16750355809926984 32.696172714233406
decision_type=2 10 2 2 10 10 2 10 2 2 2 2 10 2
left_child=1 3 8 5 -5 6 -1 -4 -3 10 12 -8 -7 -6
right_child=-2 2 7 4 13 9 11 -9 -10 -11 -12 -13 -14 -15
leaf_value=-0.050785215777591486 -0.04864938102845761 0.046889496031938038 -0.035798833902484506 0.037564138690911797 0.023815999358686668 0.027997937682245944 0.00049592472022487487 0.029940467926082431 -0.055728468417529167 -0.047240893087203313 0.03299797343640147 0.040626200961582454 -0.043692075133190671 -0.045545622046380234
leaf_weight=16.788293730467558 96.707019489258528 203.97920197620988 45.80341836437583 18.384063627570868 12.14829934760928 14.636561423540114 52.348417799919844 28.23109931871295 6.7255659364163867 44.271427847445011 41.401901457458735 117.89359517768025 35.9513756968081 123.6087271310389
leaf_count=154 1915 514 519 83 58 43 282 104 81 471 165 347 400 1798
internal_value=0.001198 0.00757826 0.0293293 -0.00542815 -0.0298702 0.00628167 0.0210246 -0.010666 0.0433662 -0.0139601 0.00239258 0.0283613 -0.0228094 -0.03921
internal_weight=858.879 762.172 284.739 477.433 154.141 323.292 187.03 74.0345 210.705 136.261 91.9898 170.242 50.5879 135.757
internal_count=6934 5019 1218 3801 1939 1862 783 623 595 1079 608 629 443 1856
is_linear=0
shrinkage=0.05


Tree=41
num_leaves=15
num_cat=0
split_feature=128 36 3 30 58 3 19 8 33 2 128 5 49 18
split_gain=102.393 65.2966 57.3013 36.4499 52.0867 42.721 33.6697 54.8244 40.7604 32.9677 32.0518 27.6549 24.2013 24.8637
threshold=217.65306091308597 1413.9710083007815 11.766295909881594 266.89469909667974 152.27993011474612 14.229011058807375 0.11247099190950395 51.232297897338874 1429.262634277344 98.080532073974624 -271.25085449218744 69.025253295898452 2.9252499871290642e-06 0.0022865874925628309
decision_type=8 8 10 10 2 10 8 10 10 10 10 8 10 10
left_child=1 2 -1 4 -2 11 7 -3 -8 12 -11 -5 -4 -14
right_child=3 6 9 5 -6 -7 8 -9 -10 10 -12 -13 13 -15
leaf_value=-0.044358395500239844 0.034509293595017053 0.042748430764603676 -0.059872343915368859 0.026383520448891876 -0.057575264189286414 0.047398668910470142 0.05038464018748811 -0.048066411516284047 -0.075990091056894887 0.018434541724930746 -0.045850559156962685 -0.046088929155242445 0.022081429541699782 -0.041573600192072048
leaf_weight=170.29241720959544 31.420157894492149 28.174944497644901 11.031230788677929 29.820256739854813 28.212888803333044 161.29797956347466 70.189284704625607 37.668938096612692 6.1246290914714328 25.72093802690506 72.421312257647514 21.989039767533541 120.34933889657259 16.624409459531307
leaf_count=2759 88 86 138 84 351 420 151 523 47 134 947 292 521 344
internal_value=8.59808e-05 -0.0121723 -0.0221483 0.0251449 -0.00928772 0.0347784 0.0170019 -0.00914809 0.0393906 -0.00666526 -0.0289868 -0.00466572 0.00823139 0.0141103
internal_weight=831.338 558.597 416.44 272.74 59.633 213.107 142.158 65.8439 76.3139 246.147 98.1423 51.8093 148.005 136.974
internal_count=6885 5650 4843 1235 439 796 807 609 198 2084 1081 376 1003 865
is_linear=0
shrinkage=0.05


Tree=42
num_leaves=15
num_cat=0
split_feature=17 121 113 5 64 73 8 125 65 2 31 57 33 118
split_gain=95.9838 68.5703 48.7628 55.1874 41.3915 36.606 31.23 28.5624 28.5604 27.2302 25.4849 23.6418 23.5333 18.2002
threshold=0.0026514279888942842 41661.492187500007 92641.523437500015 504.26354980468756 31.143082618713382 104.11456680297853 51.232297897338874 -67.499999999999986 30.648148536682132 34.832815170288093 443.22549438476568 157.50000000000003 1423.148864746094 0.0095578497275710123
decision_type=8 2 2 8 2 2 10 2 2 10 10 2 10 2
left_child=6 2 3 8 -4 12 -1 11 -2 -6 -5 -7 -3 -8
right_child=1 5 4 10 9 7 13 -9 -10 -11 -12 -13 -14 -15
leaf_value=0.0036959194970671602 -0.027830640320232348 -0.037263471477972203 0.012412800373766887 -0.058199376206921206 0.023180436473297081 0.021903823507564965 0.017510294081539469 0.047019088365358938 0.032719678170061862 -0.048084633103282572 0.014339403380091591 -0.080216446357966723 0.040643760023842949 -0.049296967629848143
leaf_weight=46.591713093221188 21.396565489470959 27.968591701239347 57.211659748107195 33.319455817341805 14.75942714512348 17.242959726601843 10.633698310703037 173.9474664889276 159.24822580814362 103.99896720424294 18.192321926355362 7.2423189468681803 13.615069340914486 121.06490124762058
leaf_count=357 182 330 292 414 65 57 59 485 635 1226 66 80 46 2598
internal_value=0.000940071 0.00988329 -0.00259861 0.0124285 -0.0223821 0.0310304 -0.0314452 0.0399347 0.025434 -0.0391081 -0.0327958 -0.0102639 -0.0114001 -0.0438115
internal_weight=826.433 648.143 408.127 232.157 175.97 240.016 178.29 198.433 180.645 118.758 51.5118 24.4853 41.5837 131.699
internal_count=6892 3878 2880 1297 1583 998 3014 622 817 1291 480 137 376 2657
is_linear=0
shrinkage=0.05


Tree=43
num_leaves=15
num_cat=0
split_feature=122 4 11 39 29 48 69 36 72 127 114 6 124 119
split_gain=87.1383 61.2575 46.6514 52.2321 39.8094 51.5137 38.3185 39.6027 30.4349 30.3184 29.8697 29.5501 27.322 25.8655
threshold=-21.986008644104 38.666666030883796 0.00020319743634900081 0.045953376218676574 902510.37500000012 4.0295299186254858e-05 36.858585357666023 1410.7191162109377 1359.4380493164065 -3.5456479787826534 0.56934255361557018 31.017621994018558 0.0283238934352994 0.2819612324237824
decision_type=10 10 10 10 2 10 2 8 2 10 2 10 10 2
left_child=4 2 6 -4 5 -1 7 8 -2 -8 -7 13 -5 -9
right_child=1 -3 3 12 -6 10 9 11 -10 -11 -12 -13 -14 -15
leaf_value=0.039312650886904471 0.0058635068149712789 -0.052165876128608318 0.041726082481642598 -0.052834011556968499 -0.040574976821132445 -0.030877786235746225 0.00031414874587520236 -0.071209660505454339 -0.059511545509406183 -0.045206084315653643 0.054741035512315975 0.055652474828144338 0.031042199864330884 0.050994014550677175
leaf_weight=214.9589199014008 45.837963748723269 76.744976472109556 91.05911660194397 28.121103312820196 22.083170238882303 47.503556564450264 53.660827040672302 9.6228457167744654 27.944360304623842 113.82139310985804 11.931578978896139 44.169678412377834 13.764245007187126 6.3993735909461966
leaf_count=603 256 1842 270 348 288 528 376 73 326 1709 50 118 71 10
internal_value=0.00121468 -0.0112884 -0.0039634 0.020613 0.0227363 0.0279604 -0.0148341 0.00508831 -0.0193614 -0.0307062 -0.0130685 0.034885 -0.0251897 -0.0222724
internal_weight=807.623 511.146 434.401 132.944 296.477 274.394 301.456 133.974 73.7823 167.482 59.4351 60.1919 41.8853 16.0222
internal_count=6868 5399 3557 689 1469 1181 2868 783 582 2085 578 201 419 83
is_linear=0
shrinkage=0.05


Tree=44
num_leaves=15
num_cat=0
split_feature=17 125 113 116 106 137 63 5 30 6 134 137 11 65
split_gain=79.6971 52.8782 62.4149 38.3482 36.8954 37.5406 32.468 40.0358 30.5133 23.2324 22.166 21.613 21.2934 20.152
threshold=0.0027521742740646009 56.500000000000007 108199.50781250001 0.68002390861511242 6375.4655761718759 57.945634841918952 11.39054584503174 68.730964660644545 1416.8947753906252 30.832298278808597 0.96897748112678539 89.115234375000014 0.0006676329066976906 31.743314743041996
decision_type=8 2 2 2 2 2 2 10 10 10 2 2 10 2
left_child=3 2 4 -1 5 13 7 -3 10 12 -4 -7 -5 -2
right_child=1 6 8 9 -6 11 -8 -9 -10 -11 -12 -13 -14 -15
leaf_value=0.0069422667555560195 -0.022143047599463617 0.034482834527082493 -0.054679955470826026 -0.052814347995149807 0.04173709438444393 -0.051214113055611188 0.040139643023226701 -0.042833043701143936 0.034649242882040181 -0.052666195999617804 -0.012300779944558519 0.0028952759972081131 0.053430234705906847 0.033932462022086038
leaf_weight=53.452638365328312 19.820692703127861 35.188931621611118 69.742207504808903 7.1450048796832588 79.114998746663332 38.821931999176741 168.96198373660445 30.162178568542004 16.548095088452101 103.36472500860691 56.021864358335733 34.204886566847563 10.242750465869902 71.373564437031746
leaf_count=413 172 148 892 112 286 440 558 379 49 2527 445 183 21 302
internal_value=0.0015429 0.00994394 -0.00144973 -0.0282408 0.0139195 0.000346582 0.0286229 -0.00130931 -0.0276429 -0.0437442 -0.036048 -0.0261732 0.00927409 0.0216367
internal_weight=794.166 619.961 385.648 174.205 243.336 164.221 234.313 65.3511 142.312 120.752 125.764 73.0268 17.3878 91.1943
internal_count=6927 3854 2769 3073 1383 1097 1085 527 1386 2660 1337 623 133 474
is_linear=0
shrinkage=0.05


Tree=45
num_leaves=15
num_cat=0
split_feature=42 17 85 124 35 80 5 47 73 0 2 121 46 65
split_gain=74.3931 52.6243 44.6509 36.3384 39.7587 35.276 30.6037 26.1701 23.6608 23.4864 20.5775 20.3028 19.4893 18.6157
threshold=0.00175190408481285 0.0026514279888942842 0.033311150968074806 0.064451050013303771 1413.9710083007815 0.0029229399515315895 456.84947204589849 0.00023199750285129997 1344.7073364257815 272.50000000000006 36.835540771484382 -48496.242187499993 1.9586499547585848e-05 31.47038555145264
decision_type=10 8 2 8 10 2 8 10 2 2 8 2 10 2
left_child=1 7 9 4 5 10 -5 -1 -8 -2 11 -3 -7 -11
right_child=2 3 -4 6 -6 12 8 -9 -10 13 -12 -13 -14 -15
leaf_value=0.021858613773435568 0.046720298818366014 0.073421470088221211 -0.048847624824088047 0.036246300515641976 0.021089616490230542 0.026875021368490366 -0.05174296738716011 -0.041859484966840527 0.019356062372403001 0.0435792480620645 -0.039723229298493021 -0.016337212671121214 -0.049308830827114777 -0.033269426237512806
leaf_weight=17.824328869581223 128.14534521102905 7.0115304850041857 15.708776660263537 101.59018449112773 80.292193375527859 48.344188787043095 20.28432073071599 126.05623141303658 25.147567208856344 12.326032344251873 135.96015217527747 28.512861803174019 9.1646931432187539 18.2875308804214
leaf_count=75 339 15 278 392 359 172 199 2687 113 39 1682 213 120 228
internal_value=0.000744863 -0.00761628 0.0293876 0.000717709 -0.00900815 -0.0196072 0.0211003 -0.0338695 -0.0128188 0.0373861 -0.0309271 0.00290383 0.014099 -0.00192786
internal_weight=774.656 600.188 174.468 456.308 309.286 228.993 147.022 143.881 45.4319 158.759 171.485 35.5244 57.5089 30.6136
internal_count=6911 6027 884 3265 2561 2202 704 2762 312 606 1910 228 292 267
is_linear=0
shrinkage=0.05


Tree=46
num_leaves=15
num_cat=0
split_feature=42 17 14 36 128 7 3 122 116 57 125 38 126 38
split_gain=78.0594 53.2097 43.2247 31.612 33.3251 32.9537 29.3136 26.62 25.1263 24.0374 25.1808 18.0495 27.502 19.7636
threshold=0.00175190408481285 0.0026514279888942842 0.076640274375677123 1413.9710083007815 -547.10833740234364 122.74896621704103 13.50029230117798 -2.5374947786331172 0.68002390861511242 271.50000000000006 368.00000000000006 0.65989691019058239 19347.583007812504 0.00037103300564922398
decision_type=10 8 10 8 8 8 10 10 2 2 2 10 2 10
left_child=1 8 9 4 -3 6 7 -6 -1 -2 -11 12 13 -8
right_child=2 3 -4 -5 5 -7 11 -9 -10 10 -12 -13 -14 -15
leaf_value=-0.0027687837711377634 0.04608863134386465 0.051653809712976728 -0.054601021201508941 0.0220906476565935 0.0027209606901528265 -0.048371406839841563 0.0086774364901806515 -0.043821815785645694 -0.048088612641649146 -0.048968523108161979 0.040932207348123834 0.085015362197037481 0.032657648304080973 -0.046052299810625252
leaf_weight=44.529879383742809 135.29539704322815 21.35658336058259 13.003185760229824 126.50259960442781 58.33454816415906 49.789961397647858 38.665995176881552 63.643538791686296 97.556694926694036 14.464881870895626 14.6998945325613 7.015202894806861 56.930628515779972 27.438308816403151
leaf_count=387 362 72 273 527 388 789 204 811 2396 185 82 24 192 261
internal_value=0.00128278 -0.00744713 0.0302719 0.001001 -0.00729695 -0.0116251 -0.00420312 -0.0217222 -0.034004 0.0372719 -0.00380116 0.0122689 0.00746909 -0.0143873
internal_weight=769.227 591.764 177.463 449.677 323.175 301.818 252.028 121.978 142.087 164.46 29.1648 130.05 123.035 66.1043
internal_count=6953 6051 902 3268 2741 2669 1880 1199 2783 629 267 681 657 465
is_linear=0
shrinkage=0.05


Tree=47
num_leaves=15
num_cat=0
split_feature=125 80 128 35 1 2 60 73 73 116 67 64 6 17
split_gain=68.4165 55.7854 44.0281 34.351 31.701 33.2902 28.3076 22.1625 52.7134 26.3424 21.6082 20.3573 18.7347 18.45
threshold=2.5000000000000004 0.0010047910036519172 -66.423873901367173 1413.9710083007815 37469.490234375007 102.98022079467775 315.93519592285162 109.64814758300783 69.025253295898452 1.9934645891189577 28.254610061645511 32.745433807373054 30.832298278808597 0.044334927573800094
decision_type=2 2 10 10 2 8 2 2 2 2 2 2 8 8
left_child=2 4 11 12 5 7 -3 8 10 -9 -2 -1 -4 -5
right_child=1 6 3 13 -6 -7 -8 9 -10 -11 -12 -13 -14 -15
leaf_value=0.040150219215905641 -0.0687655723150324 -0.028126637012310704 -0.0077381907995662663 -0.020826326029335304 -0.037674890812756122 -0.053238719071670743 0.040282642241978715 0.039039908587756987 -0.064551649744860509 -0.067172863464640756 0.022992649307598673 -0.01141368061770495 -0.047868802687900586 0.036936584082421946
leaf_weight=37.754421561956406 5.9819162711501113 15.983523659408091 37.077868040651083 29.075936252251267 49.947201142087579 20.391546417027712 160.47385929897428 79.505263831466436 25.11132999137044 5.395843841135501 83.086376428604126 37.138813849538565 141.59199316799641 24.61781932041049
leaf_count=119 61 151 250 320 847 390 581 315 369 75 383 306 2766 70
internal_value=-0.000305216 0.0121949 -0.0184256 -0.0291412 -0.00213474 0.00608764 0.0339625 0.0124001 -0.00201664 0.0315862 0.016135 0.0147667 -0.0396303 0.00584826
internal_weight=753.134 445.877 307.257 232.364 269.419 219.472 176.457 199.081 114.18 84.9011 89.0683 74.8932 178.67 53.6938
internal_count=7003 3172 3831 3406 2440 1593 732 1203 813 390 444 425 3016 390
is_linear=0
shrinkage=0.05


Tree=48
num_leaves=15
num_cat=0
split_feature=46 11 27 114 79 24 35 28 121 120 91 129 28 133
split_gain=69.9654 81.9158 38.0056 35.163 32.4339 26.4468 25.5854 34.3394 27.8766 26.6104 29.1029 23.2907 19.9135 19.7627
threshold=3.2250500225927688e-05 0.00038704043254256254 39792.666015625007 0.56934255361557018 0.07705803215503694 101.16666793823244 1413.9710083007815 196.50000000000003 30455.340820312504 -104.49999999999999 0.0046518070157617339 0.10032138973474504 2121.5000000000005 0.99621212482452404
decision_type=10 10 8 2 2 10 8 2 2 2 8 8 2 2
left_child=1 2 6 5 12 -2 7 8 9 -1 -11 -5 -3 -6
right_child=3 4 -4 11 13 -7 -8 -9 -10 10 -12 -13 -14 -15
leaf_value=0.027767541598312767 -0.051405118945382959 0.045566228443596063 -0.045194757390775275 -0.04671736649534438 -0.026207298155108194 0.051261485421345877 0.020301912891459137 -0.049662143216288007 0.031874200640863458 0.033480103278988226 -0.034807958131792958 0.046123681821019225 -0.05097636007307571 0.053862414334806409
leaf_weight=32.755253732204437 97.463486850261688 168.56098693609238 50.327922964468598 9.0275462046265584 30.952520340681076 5.9179305955767623 113.15610107779503 40.772433586418629 50.502411879599094 18.030513063073158 89.229488730430603 19.995916502550248 4.722257573157548 9.16884648054838
leaf_count=146 2344 480 1056 181 269 28 500 590 200 86 831 100 65 23
internal_value=0.00126296 0.00844341 -0.00505676 -0.0315352 0.0333243 -0.0450933 0.000921754 -0.00860635 0.000393373 -0.011107 -0.0231254 0.0166519 0.0426579 -0.00704428
internal_weight=740.584 608.179 394.774 132.405 213.405 103.381 344.446 231.29 190.518 140.015 107.26 29.0235 173.283 40.1214
internal_count=6899 4246 3409 2653 837 2372 2353 1853 1263 1063 917 281 545 292
is_linear=0
shrinkage=0.05


Tree=49
num_leaves=15
num_cat=0
split_feature=4 42 28 121 58 69 114 48 0 114 85 7 134 48
split_gain=67.2047 59.6783 45.512 34.3753 31.1021 28.3901 27.7799 27.0293 24.9587 32.6405 21.6467 20.8705 20.1482 18.7879
threshold=38.666666030883796 0.0057143324520438918 1608.0000000000002 30455.340820312504 67048.468750000015 32.575269699096687 0.41529203951358801 4.0295299186254858e-05 102.50000000000001 0.57151526212692272 0.034286834299564369 30.95268535614014 0.029018141329288486 1.7534999869894821e-06
decision_type=8 10 2 2 2 2 2 10 2 2 2 10 2 10
left_child=1 2 3 4 7 6 12 11 9 -9 -3 -1 -6 -7
right_child=-2 10 -4 -5 5 13 -8 8 -10 -11 -12 -13 -14 -15
leaf_value=-0.04081920438711456 -0.045042569314343819 0.039639427984222403 -0.051685088425240049 0.020911597501960259 0.048184293513285244 -3.6009649693074256e-05 0.041531262902920092 -0.050617646227195792 0.059495321156932013 0.028052158570860526 -0.051966068850172513 0.034769615471352613 -0.055643942311671503 -0.048349900217342839
leaf_weight=9.4719977006316167 75.657980797812343 121.45921843126416 43.110276872292161 152.08886281214654 5.3198758885264423 26.212483597919345 27.168829787522554 42.269495740532875 8.7252351194620115 18.201866462826729 5.9688487425446501 78.345979750156403 18.275013137608767 85.626385411247611
leaf_count=60 2004 415 938 844 8 260 91 639 23 91 63 243 164 1068
internal_value=-0.000790611 0.0044843 -0.00311655 0.00142218 -0.00788809 -0.0231505 0.00776351 0.00796401 -0.0152848 -0.0268669 0.0349773 0.0262489 -0.0312268 -0.0371269
internal_weight=717.902 642.244 514.816 471.706 319.617 162.603 50.7637 157.015 69.1966 60.4714 127.428 87.818 23.5949 111.839
internal_count=6911 4907 4429 3491 2647 1591 263 1056 753 730 478 303 172 1328
is_linear=0
shrinkage=0.05


Tree=50
num_leaves=15
num_cat=0
split_feature=122 4 29 29 115 114 37 125 6 73 44 35 114 69
split_gain=51.77 46.3297 35.0614 30.7579 40.945 42.7238 28.9344 28.3382 27.8082 27.5604 19.7741 18.3773 16.9021 16.3971
threshold=-11.452439308166502 38.666666030883796 68858.328125000015 902510.37500000012 0.25570654869079595 0.56934255361557018 0.31750674545764929 82.500000000000014 32.575269699096687 187.57407379150393 0.0020855769980698828 1413.9710083007815 0.40028409659862524 42.858585357666023
decision_type=10 10 2 2 2 2 10 2 10 2 10 10 2 2
left_child=3 2 6 4 -1 -6 -2 8 12 10 -9 -10 -4 -14
right_child=1 -3 7 -5 5 -7 -8 9 11 -11 -12 -13 13 -15
leaf_value=0.038588966682409014 0.036132753370196495 -0.050270565205833888 -0.048764849681110639 -0.039047620675537777 -0.031828810535602423 0.034464831624296956 -0.021135683350108205 -0.049689643172112656 -0.060180862460264495 0.042907552527667286 0.0078041107167200821 -0.0047183749428923094 0.027725863781781036 -0.023485136159716948
leaf_weight=158.01708723604679 80.171002995222807 59.089805163443089 16.213373243808746 20.773898538202047 54.178148783743382 42.438905157148838 29.52873433381319 21.375533822923899 60.120462013408542 35.108829721808434 44.447106897830963 20.003595912829041 37.596317835152149 25.322356587275863
leaf_count=476 339 1819 154 306 700 162 363 494 1044 133 271 182 145 260
internal_value=0.00130596 -0.00954874 -0.00292539 0.0181867 0.0229905 -0.00265466 0.0206657 -0.0129129 -0.0259888 0.00777173 -0.0113309 -0.0465631 -0.00483546 0.00707042
internal_weight=704.385 428.977 369.887 275.408 254.634 96.6171 109.7 260.188 159.256 100.931 65.8226 80.1241 79.132 62.9187
internal_count=6848 5204 3385 1644 1338 862 702 2683 1785 898 765 1226 559 405
is_linear=0
shrinkage=0.05


Tree=51
num_leaves=15
num_cat=0
split_feature=126 69 11 127 10 38 24 115 1 11 122 30 129 39
split_gain=55.5806 51.7358 38.7929 31.1081 30.5509 40.6696 28.779 36.6909 22.3823 16.9435 26.859 21.4402 16.0498 15.5024
threshold=28368.562500000004 46.869352340698249 0.0018860722193494441 6.7513322830200204 0.018152770586311821 0.0029897035565227274 101.16666793823244 0.21053910255432132 80199.843750000015 0.0006676329066976906 -3.2639017105102535 1415.6291503906252 0.34963938593864446 4.7245888708857826e-05
decision_type=2 2 10 8 10 10 10 2 2 10 10 8 10 10
left_child=1 3 8 9 -3 -6 -7 -8 -2 10 13 -12 -10 -1
right_child=2 4 -4 -5 5 6 7 -9 12 -11 11 -13 -14 -15
leaf_value=0.017967175703095157 0.011508320470441029 -0.052180086308530771 0.041875216015364612 0.026393933885820987 0.046561393499588342 -0.054723515583741403 -0.054205034997229874 0.071284419000456983 -0.055730259626390957 0.024704541684400446 -0.047812203466042313 0.013604278833563452 0.042230752376790331 -0.066009364939693074
leaf_weight=53.249324033036828 139.21028756350279 85.499443247914314 108.90760524570942 96.931768577545881 22.465804018080235 40.896835643798113 9.5821693968027848 12.031261112540959 21.540238378569487 29.855661287903786 64.195708626881242 17.684852266684175 4.3573197163641444 5.1311111170798531
leaf_count=266 996 2035 390 388 88 920 101 23 476 134 955 91 16 67
internal_value=0.00123756 -0.00981532 0.0188573 0.00393257 -0.0312486 -0.00982625 -0.0305057 0.0157127 0.00351371 -0.00894527 -0.0162321 -0.0345432 -0.0382908 0.00959906
internal_weight=711.539 437.524 274.015 267.048 170.476 84.9761 62.5103 21.6134 165.108 170.117 140.261 81.8806 25.8976 58.3804
internal_count=6946 5068 1878 1901 3167 1132 1044 124 1488 1513 1379 1046 492 333
is_linear=0
shrinkage=0.05


end of trees

feature_importances:
Column_128=28
Column_11=23
Column_123=23
Column_28=19
Column_69=19
Column_122=19
Column_4=17
Column_116=17
Column_121=17
Column_2=16
Column_7=16
Column_33=16
Column_46=16
Column_67=16
Column_125=16
Column_30=15
Column_36=15
Column_39=15
Column_42=15
Column_65=14
Column_5=13
Column_6=12
Column_8=12
Column_29=12
Column_31=12
Column_48=12
Column_79=12
Column_17=11
Column_114=11
Column_126=11
Column_73=10
Column_124=10
Column_78=9
Column_1=8
Column_80=8
Column_0=7
Column_3=7
Column_56=7
Column_85=7
Column_115=7
Column_127=7
Column_35=6
Column_49=6
Column_57=6
Column_112=6
Column_129=6
Column_137=6
Column_34=5
Column_38=5
Column_43=5
Column_97=5
Column_113=5
Column_117=5
Column_134=5
Column_58=4
Column_59=4
Column_64=4
Column_72=4
Column_91=4
Column_100=4
Column_24=3
Column_61=3
Column_84=3
Column_101=3
Column_104=3
Column_106=3
Column_10=2
Column_32=2
Column_44=2
Column_45=2
Column_47=2
Column_50=2
Column_52=2
Column_60=2
Column_70=2
Column_74=2
Column_75=2
Column_86=2
Column_93=2
Column_95=2
Column_99=2
Column_111=2
Column_9=1
Column_12=1
Column_14=1
Column_18=1
Column_19=1
Column_20=1
Column_21=1
Column_26=1
Column_27=1
Column_37=1
Column_51=1
Column_53=1
Column_62=1
Column_63=1
Column_68=1
Column_76=1
Column_77=1
Column_92=1
Column_94=1
Column_102=1
Column_110=1
Column_118=1
Column_119=1
Column_120=1
Column_130=1
Column_133=1

parameters:
[boosting: gbdt]
[objective: binary]
[metric: binary_logloss]
[tree_learner: serial]
[device_type: cpu]
[data_sample_strategy: bagging]
[data: ]
[valid: ]
[num_iterations: 52]
[learning_rate: 0.05]
[num_leaves: 15]
[num_threads: 4]
[seed: 26006]
[deterministic: 1]
[force_col_wise: 0]
[force_row_wise: 1]
[histogram_pool_size: -1]
[max_depth: -1]
[min_data_in_leaf: 10]
[min_sum_hessian_in_leaf: 0.001]
[bagging_fraction: 0.8]
[pos_bagging_fraction: 1]
[neg_bagging_fraction: 1]
[bagging_freq: 1]
[bagging_seed: 19736]
[bagging_by_query: 0]
[feature_fraction: 0.8]
[feature_fraction_bynode: 1]
[feature_fraction_seed: 22478]
[extra_trees: 0]
[extra_seed: 25246]
[early_stopping_round: 0]
[early_stopping_min_delta: 0]
[first_metric_only: 0]
[max_delta_step: 0]
[lambda_l1: 0]
[lambda_l2: 1]
[linear_lambda: 0]
[min_gain_to_split: 0]
[drop_rate: 0.1]
[max_drop: 50]
[skip_drop: 0.5]
[xgboost_dart_mode: 0]
[uniform_drop: 0]
[drop_seed: 12177]
[top_rate: 0.2]
[other_rate: 0.1]
[min_data_per_group: 100]
[max_cat_threshold: 32]
[cat_l2: 10]
[cat_smooth: 10]
[max_cat_to_onehot: 4]
[top_k: 20]
[monotone_constraints: ]
[monotone_constraints_method: basic]
[monotone_penalty: 0]
[feature_contri: ]
[forcedsplits_filename: ]
[refit_decay_rate: 0.9]
[cegb_tradeoff: 1]
[cegb_penalty_split: 0]
[cegb_penalty_feature_lazy: ]
[cegb_penalty_feature_coupled: ]
[path_smooth: 0]
[interaction_constraints: ]
[verbosity: -1]
[saved_feature_importance_type: 0]
[use_quantized_grad: 0]
[num_grad_quant_bins: 4]
[quant_train_renew_leaf: 0]
[stochastic_rounding: 1]
[linear_tree: 0]
[max_bin: 255]
[max_bin_by_feature: ]
[min_data_in_bin: 3]
[bin_construct_sample_cnt: 200000]
[data_random_seed: 19427]
[is_enable_sparse: 1]
[enable_bundle: 1]
[use_missing: 1]
[zero_as_missing: 0]
[feature_pre_filter: 1]
[pre_partition: 0]
[two_round: 0]
[header: 0]
[label_column: ]
[weight_column: ]
[group_column: ]
[ignore_column: ]
[categorical_feature: ]
[forcedbins_filename: ]
[precise_float_parser: 0]
[parser_config_file: ]
[objective_seed: 10829]
[num_class: 1]
[is_unbalance: 0]
[scale_pos_weight: 1]
[sigmoid: 1]
[boost_from_average: 1]
[reg_sqrt: 0]
[alpha: 0.9]
[fair_c: 1]
[poisson_max_delta_step: 0.7]
[tweedie_variance_power: 1.5]
[lambdarank_truncation_level: 30]
[lambdarank_norm: 1]
[label_gain: ]
[lambdarank_position_bias_regularization: 0]
[eval_at: ]
[multi_error_top_k: 1]
[auc_mu_weights: ]
[num_machines: 1]
[local_listen_port: 12400]
[time_out: 120]
[machine_list_filename: ]
[machines: ]
[gpu_platform_id: -1]
[gpu_device_id: -1]
[gpu_device_id_list: ]
[gpu_use_dp: 0]
[num_gpu: 1]

end of parameters

pandas_categorical:null
