tree
version=v4
num_class=1
num_tree_per_iteration=1
label_index=0
max_feature_idx=137
objective=binary sigmoid:1
feature_names=Column_0 Column_1 Column_2 Column_3 Column_4 Column_5 Column_6 Column_7 Column_8 Column_9 Column_10 Column_11 Column_12 Column_13 Column_14 Column_15 Column_16 Column_17 Column_18 Column_19 Column_20 Column_21 Column_22 Column_23 Column_24 Column_25 Column_26 Column_27 Column_28 Column_29 Column_30 Column_31 Column_32 Column_33 Column_34 Column_35 Column_36 Column_37 Column_38 Column_39 Column_40 Column_41 Column_42 Column_43 Column_44 Column_45 Column_46 Column_47 Column_48 Column_49 Column_50 Column_51 Column_52 Column_53 Column_54 Column_55 Column_56 Column_57 Column_58 Column_59 Column_60 Column_61 Column_62 Column_63 Column_64 Column_65 Column_66 Column_67 Column_68 Column_69 Column_70 Column_71 Column_72 Column_73 Column_74 Column_75 Column_76 Column_77 Column_78 Column_79 Column_80 Column_81 Column_82 Column_83 Column_84 Column_85 Column_86 Column_87 Column_88 Column_89 Column_90 Column_91 Column_92 Column_93 Column_94 Column_95 Column_96 Column_97 Column_98 Column_99 Column_100 Column_101 Column_102 Column_103 Column_104 Column_105 Column_106 Column_107 Column_108 Column_109 Column_110 Column_111 Column_112 Column_113 Column_114 Column_115 Column_116 Column_117 Column_118 Column_119 Column_120 Column_121 Column_122 Column_123 Column_124 Column_125 Column_126 Column_127 Column_128 Column_129 Column_130 Column_131 Column_132 Column_133 Column_134 Column_135 Column_136 Column_137
feature_infos=[0:79973] [0:107387464] [6.9524784088134766:1434.8333740234375] [0:696] [-1.203703761100769:1434.8333740234375] [6.9524784088134766:1443.69189453125] [6.9524784088134766:1443.69189453125] [6.9524784088134766:1443.69189453125] [6.9524784088134766:1443.69189453125] [0:1] [0:1] [0:1] [0:1] [0:1] [0:1] [0:1] [2.193200089095626e-05:1.9037708044052124] [0:0.99571478366851807] [0:1.9037708044052124] [2.193200089095626e-05:1.9915750026702881] [1.362500029244984e-06:1.9037708044052124] [1.8729999737843173e-06:1.9037708044052124] [2.0840000161115313e-06:1.9037708044052124] [0:27] [1:79973] [6.9524784088134766:107387464] [0:1.9999972581863403] [6.9524784088134766:107387464] [0:74896] [0:106034368] [6.9524784088134766:1442.8333740234375] [0:696] [-13.565573692321777:1442.8333740234375] [6.9524784088134766:1443.69189453125] [2.3641510009765625:1443.69189453125] [6.9524784088134766:1443.69189453125] [6.9524784088134766:1443.69189453125] [0:1] [0:1] [0:1] [0:1] [0:1] [0:1] [0:1] [2.2110000372776994e-06:1.9917522668838501] [0:0.93804830312728882] [0:1.9917522668838501] [2.3439999949914636e-06:1.9917522668838501] [1.6999990748445271e-08:1.9917522668838501] [1.623000002837216e-06:1.9917522668838501] [2.3439999949914636e-06:1.9917522668838501] [0:24] [1:74896] [6.9524784088134766:106034368] [0:1.9999806880950928] [6.9524784088134766:106034368] [1:79973] [0:25306] [6.9524784088134766:107387464] [0:14382488] [6.9524784088134766:1442.8333740234375] [6.9524784088134766:1430.1473388671875] [0:696] [0:696] [2.4344263076782227:1442.8333740234375] [-13.565573692321777:1430.1473388671875] [6.9524784088134766:1443.69189453125] [2.3641510009765625:1430.1473388671875] [6.9524784088134766:1443.69189453125] [6.9524784088134766:1430.1473388671875] [6.9524784088134766:1443.69189453125] [6.9524784088134766:1430.1473388671875] [6.9524784088134766:1443.69189453125] [6.9524784088134766:1442.8333740234375] [0:1] [0:1] [0:1] [0:1] [0:1] [0:1] [0:1] [0:1] [0:1] [0:1] [0:1] [0:1] [0:1] [0:1] [1.6063799193943851e-05:1.9917522668838501] [2.2110000372776994e-06:1.9037708044052124] [0:0.99571478366851807] [0:0.83213174343109131] [9.999965300266922e-10:1.9917522668838501] [0:1.9037708044052124] [1.4629999895987567e-06:1.9917522668838501] [1.6999990748445271e-08:1.9037708044052124] [1.9540000266715651e-06:1.9917522668838501] [1.623000002837216e-06:1.9037708044052124] [2.1193000065977685e-05:1.9917522668838501] [2.0840000161115313e-06:1.9037708044052124] [2.5266999728046358e-05:1.9917522668838501] [2.3439999949914636e-06:1.9915750026702881] [1:27] [0:21] [1:79973] [1:25306] [6.9524784088134766:107387464] [6.9524784088134766:7191244] [0:1.9999972581863403] [0:1.9998902082443237] [6.9524784088134766:107387464] [6.9524784088134766:14252031] [1:99122] [13.904956817626953:107755440] [0:1] [0:1] [0:1.9999974966049194] [0.5:100] [0.004999999888241291:0.81610339879989624] [0.0007995598716661334:0.62212282419204712] [-87137:87016] [-94248824:98197832] [-1392:1384] [-1392:1384] [-0.79955452680587769:0.80254775285720825] [-87016:92121] [-98197832:103789264] [-1384:1392] [-1384:1392] [-0.80254775285720825:0.79955452680587769] [0:1] [0:1] [0:1] [0:1] [0:1] [4:6] [0:1] [35.5:97.5]
tree_sizes=1740 1748 1740 1745 1734 1741 1745 1750 1743 1747 1745 1757 1738 1751 1734 1750 1744 1736 1746 1755 1742 1746 1757 1736 1742 1740 1754 1748 1756 1745 1744 1748 1751 1740 1744 1742 1743 1736 1748 1748 1745 1756 1752 1743 1741 1754 1747 1746 1753 1746 1746 1745

Tree=0
num_leaves=15
num_cat=0
split_feature=108 73 34 78 12 52 73 31 99 6 32 47 122 49
split_gain=5316.67 194.294 203.845 145.922 91.8563 84.8971 54.0355 49.0073 141.417 53.1323 51.3154 33.7436 39.3889 28.4495
threshold=3.4695249269134372e-05 255.45772552490237 261.97103881835943 1.0000000180025095e-35 3.3782800528570085e-05 1.0500000119209292 515.85650634765636 243.13334655761722 0.025338916108012203 32.658084869384773 32.575269699096687 0.23756123334169391 -14.050100803375242 0.27653878927230841
decision_type=2 2 10 2 10 8 2 10 10 10 10 10 8 10
left_child=5 7 11 6 -5 -1 -4 13 -9 10 -10 -3 -13 -2
right_child=1 2 3 4 -6 -7 -8 8 9 -11 -12 12 -14 -15
leaf_value=0.098325115937566668 -0.096221106644781632 -0.098964146768090372 -0.082907589998022183 0.033220760608103077 -0.078920061351002629 -0.054668294821213159 0.079674025095016546 -0.098808084215143838 -0.069449795153968402 -0.090253534861992224 0.06939577472831189 0.038200768356092964 -0.074877068086817808 0.041774670534016151
leaf_weight=795.87071290612221 600.42700727283955 95.541321486234665 4.8505593985319129 27.350672349333763 51.314745202660561 8.5796894580125791 51.647434875369072 82.900469720363617 7.7440309673547736 9.2601588517427427 28.202735736966133 10.607646033167837 22.938119605183601 3.2419087141752234
leaf_count=987 4024 650 33 83 321 49 89 564 48 63 56 30 142 8
internal_value=0.0010873 -0.0760962 -0.0391343 0.00383895 -0.040003 0.0966276 0.0645166 -0.0893718 -0.0603899 0.010675 0.0384141 -0.083814 -0.0390495 -0.0954122
internal_weight=1800.48 996.027 264.25 135.163 78.6654 804.45 56.498 731.776 128.107 45.2069 35.9468 129.087 33.5458 603.669
internal_count=7147 6111 1348 526 404 1036 122 4763 731 167 104 822 172 4032
is_linear=0
shrinkage=1


Tree=1
num_leaves=15
num_cat=0
split_feature=108 33 55 85 39 52 101 103 32 32 8 114 61 117
split_gain=4809.97 176.694 143.626 128.998 89.1757 75.0357 51.9189 53.6905 45.5481 56.7458 62.0543 118.151 52.2219 27.0938
threshold=3.4695249269134372e-05 1439.4903564453127 33140.003906250007 0.00075471162563189875 1.0000000180025095e-35 1.0500000119209292 0.30094745755195623 3.5000000000000004 34.391719818115241 34.258493423461921 48.658084869384773 0.47831371426582342 40.081111907958991 6.7500000000000009
decision_type=2 10 10 2 8 8 10 2 8 10 8 2 2 2
left_child=5 3 -3 6 -5 -1 8 -8 9 10 11 -2 -13 -9
right_child=1 2 -4 4 -6 -7 7 13 -10 -11 -12 12 -14 -15
leaf_value=0.093526256003547484 -0.083575669841814026 0.08774604382475365 -0.090251482649184145 0.076113561899961518 -0.079271200098039896 -0.051553323246401106 -0.081693987565871179 0.038559244707235346 -0.094110768608461792 0.025994992235151934 -0.088581170783306504 -0.084416778269009132 0.057901544034876073 -0.080627269702211651
leaf_weight=774.23609352111816 58.929385364055634 29.250067219138145 17.158712863922119 21.937520578503609 14.476796686649321 8.4264056384563428 28.077882677316666 22.763104066252712 527.18105766177177 14.315191164612768 225.002959176898 7.1877781003713599 30.214705809950829 4.9893621802330008
leaf_count=965 383 40 117 37 94 48 182 66 3576 46 1492 49 70 34
internal_value=-0.000901961 -0.0734466 0.0214195 -0.0780739 0.0138715 0.0919005 -0.0817296 -0.0341738 -0.0847636 -0.0698468 -0.0741839 -0.0399915 0.0290657 0.0150728
internal_weight=1784.15 1001.48 46.4088 955.076 36.4143 782.662 918.661 55.8303 862.831 335.65 321.335 96.3319 37.4025 27.7525
internal_count=7199 6186 157 6029 131 1013 5898 282 5616 2040 1994 502 119 100
is_linear=0
shrinkage=0.05


Tree=2
num_leaves=15
num_cat=0
split_feature=52 73 34 38 88 124 114 122 31 5 127 49 129 103
split_gain=4403.65 180.134 191.096 125.274 105.069 70.3343 31.8769 30.7267 29.5828 93.4487 38.2771 25.2388 24.4044 19.3098
threshold=1.0500000119209292 255.45772552490237 247.26355743408206 1.0000000180025095e-35 0.19169820100069049 -0.15954545140266416 0.48060736060142523 -844.06066894531239 259.04983520507818 96.65808486938478 -9.828828811645506 0.27653878927230841 -0.16564821451902387 16.500000000000004
decision_type=8 2 8 10 8 10 2 8 8 10 10 10 10 2
left_child=4 8 7 5 -1 -4 -5 -3 11 10 -10 -2 -7 -11
right_child=1 2 3 6 -6 12 -8 -9 9 13 -12 -13 -14 -15
leaf_value=-0.071432186305979847 -0.08873280646571069 0.043691524242899411 -0.073493423776941416 -0.081715219332011521 0.089556414449337166 -0.04865620312596021 0.028371783038143701 -0.083390188324597325 -0.08166959485339316 -0.088705347874333179 0.047365298691343038 0.040983929937387607 0.06328911013919486 0.057882206847057686
leaf_weight=9.5705550163984281 604.61088563501835 4.3612062484025955 11.071379020810125 35.700184643268585 784.76186725497246 4.4877928495407096 7.4827788174152365 121.79246698319912 6.5820005089044598 84.920761093497276 23.039615377783775 3.2385506331920615 75.375665307044983 1.6610416173934925
leaf_count=61 4102 11 71 235 984 26 23 807 45 578 59 8 159 2
internal_value=1.05319e-05 -0.0706328 -0.0347691 0.0068183 0.0875294 0.0400236 -0.0624289 -0.0786878 -0.0834588 -0.0592831 0.0169627 -0.0879755 0.0564746 -0.0852643
internal_weight=1778.66 984.324 260.271 134.118 794.332 90.9348 43.183 126.154 724.053 116.203 29.6216 607.849 79.8635 86.5818
internal_count=7171 6126 1332 514 1045 256 258 818 4794 684 104 4110 185 580
is_linear=0
shrinkage=0.05


Tree=3
num_leaves=15
num_cat=0
split_feature=52 73 34 38 94 116 31 99 128 48 114 122 45 4
split_gain=3910.36 168.113 175.47 116.556 86.0457 81.9362 36.3045 107.898 46.3415 29.0168 90.2435 27.0914 25.1053 24.8472
threshold=1.0500000119209292 255.45772552490237 247.26355743408206 1.0000000180025095e-35 0.17616833746433261 1.5756110548973086 259.04983520507818 0.025338916108012203 -59.376430511474602 1.4929499911886526e-06 0.47068931162357336 -844.06066894531239 0.046285251155495651 32.658084869384773
decision_type=8 2 8 10 8 2 8 10 10 10 2 8 10 8
left_child=4 6 11 5 -1 -4 9 -8 -9 10 -2 -3 -5 -10
right_child=1 2 3 12 -6 -7 7 8 13 -11 -12 -13 -14 -15
leaf_value=-0.080350358982107767 -0.085469054245868301 0.041646479759159229 -0.065166612523025066 -0.069659506537971483 0.086125340700161021 0.060753909566666334 -0.085148971669617102 -0.081667390120694586 0.058881019796327927 -0.086438427832454506 0.07046578547965654 -0.077577762251250293 0.034716621612751075 -0.069532707338744962
leaf_weight=7.1039500534534445 32.608436793088913 4.3582088500261307 14.625397279858587 40.995626881718636 765.33360455930233 77.069310232996941 81.488157317042351 8.7174377739429456 27.897354632616047 554.16671155393124 11.959036931395529 124.97390805184841 6.055811494588851 3.4757317900657645
leaf_count=49 226 11 91 259 967 163 560 60 60 3818 26 827 18 24
internal_value=0.000266854 -0.0655751 -0.031609 0.00747299 0.0844924 0.0401831 -0.0781549 -0.0524323 0.0145216 -0.083282 -0.0429981 -0.0732715 -0.0557827 0.042946
internal_weight=1760.83 988.391 268.078 138.746 772.438 91.6947 720.313 121.579 40.0905 598.734 44.5675 129.332 47.0514 31.3731
internal_count=7159 6143 1369 531 1016 254 4774 704 144 4070 252 838 277 84
is_linear=0
shrinkage=0.05


Tree=4
num_leaves=15
num_cat=0
split_feature=52 35 24 85 89 39 48 71 101 128 93 73 2 137
split_gain=3688.2 149.691 118.625 95.3676 77.2815 61.75 52.8003 89.9645 54.4526 42.9522 24.717 18.2577 14.2288 13.7247
threshold=1.0500000119209292 1439.4903564453127 8.7386364936828631 0.00075471162563189875 0.18873507529497149 1.0000000180025095e-35 1.4827500081082692e-06 62.288898468017585 0.30094745755195623 87.432956695556655 0.0036501199938356881 82.104969024658217 504.26354980468756 87.292655944824233
decision_type=8 10 10 2 8 8 8 2 10 10 10 2 8 2
left_child=4 3 -3 6 12 -5 7 11 13 10 -10 -2 -1 -8
right_child=1 2 -4 5 -6 -7 8 -9 9 -11 -12 -13 -14 -15
leaf_value=-0.079565938364246969 -0.064004333976397362 0.079425357540063635 -0.08073645468570953 0.06419132074026894 0.08309591385954769 -0.069460840644977359 -0.082433129052449886 -0.083092087778363244 -0.065271230316688911 0.044138533120008046 0.054765051593888628 0.054717591580219972 0.056848208364288777 -0.065100866166064461
leaf_weight=8.1939831823110545 2.8623992651701 30.699232816696167 17.241464406251907 21.221376419067383 772.31179869174957 13.165197417140005 604.65930822491646 30.258929654955864 38.177703186869621 14.701824620366095 4.05495561659336 24.246778830885887 1.6433846950531013 172.38460905849934
leaf_count=57 20 44 121 39 987 87 4197 212 242 40 9 59 2 1092
internal_value=0.000512832 -0.0644081 0.0213518 -0.0688675 0.0813099 0.0125045 -0.0720172 -0.0250674 -0.0752129 -0.027398 -0.0527458 0.040351 -0.0536344 -0.0786766
internal_weight=1755.82 973.674 47.9407 925.733 782.149 34.3866 891.347 57.3681 833.978 56.9345 42.2327 27.1092 9.83737 777.044
internal_count=7208 6162 165 5997 1046 126 5871 291 5580 291 251 79 59 5289
is_linear=0
shrinkage=0.05


Tree=5
num_leaves=15
num_cat=0
split_feature=52 33 100 94 48 114 47 36 51 46 97 8 115 117
split_gain=3329.4 117.668 104.74 87.7378 79.9477 100.271 58.467 42.296 39.168 37.1191 27.0792 20.5622 99.8103 32.4934
threshold=1.0500000119209292 1439.4903564453127 0.12182737886905672 0.17616833746433261 1.4839000073152422e-06 0.46672651171684271 0.3023644238710404 1413.7432861328127 3.5000000000000004 0.0059461377095431098 1.9184999473509383e-06 48.658084869384773 0.027778721414506439 15.250000000000002
decision_type=8 10 10 8 8 2 8 10 2 10 10 8 2 2
left_child=3 4 -3 -1 5 10 11 9 -9 -8 -2 12 -6 -14
right_child=1 2 -4 -5 6 -7 7 8 -10 -11 -12 -13 13 -15
leaf_value=-0.07700972007776917 0.033774215792033407 -0.078436604795530177 0.077588955874567336 0.080127459107183802 -0.081174831374835554 0.052472042699731658 -0.069651637540036712 -0.074777908900320864 0.053112244293466074 0.068758244735600035 -0.077832254157525357 -0.07975642954549092 -0.067571444597235145 0.028818031209883483
leaf_weight=8.2451200038194639 5.6984589993953696 16.56801949441433 26.824277952313423 739.43675482273102 130.83179435133934 30.346321552991867 46.866351202130318 7.2476418465375927 21.127750724554062 4.5906110554933539 39.641559153795242 580.64949963986874 10.629161596298216 34.276523843407631
leaf_count=58 16 118 38 965 926 74 311 51 52 8 277 4091 70 111
internal_value=-0.000672495 -0.0624944 0.0175905 0.0782941 -0.0663203 -0.0168502 -0.0707723 -0.0295804 0.019013 -0.0562284 -0.0633791 -0.0750751 -0.0592439 0.00502772
internal_weight=1702.98 955.298 43.3923 747.682 911.906 75.6863 836.219 79.8324 28.3754 51.457 45.34 756.387 175.737 44.9057
internal_count=7166 6143 156 1023 5987 367 5620 422 103 319 293 5198 1107 181
is_linear=0
shrinkage=0.05


Tree=6
num_leaves=15
num_cat=0
split_feature=108 73 34 38 116 52 47 122 31 23 114 4 64 49
split_gain=3028.33 134.112 115.287 84.9514 55.0825 46.8171 38.9701 45.3454 26.5102 86.0734 25.6525 22.887 23.2638 20.5308
threshold=3.4695249269134372e-05 255.45772552490237 247.26355743408206 1.0000000180025095e-35 1.3380094766616824 1.0500000119209292 0.23756123334169391 -14.050100803375242 259.04983520507818 4.5000000000000009 0.48060736060142523 32.658084869384773 32.575269699096687 0.27653878927230841
decision_type=2 2 10 10 2 8 10 8 10 2 2 10 2 10
left_child=5 8 6 4 -4 -1 -3 -8 13 -10 -5 12 -11 -2
right_child=1 2 3 10 -6 -7 7 -9 9 11 -12 -13 -14 -15
leaf_value=0.077616990810570136 -0.076638583453691372 -0.079345177743182796 -0.064974925989622734 -0.065288959795775481 0.050821499920789985 -0.030394758254557636 0.064011422827367867 -0.056749337686876712 -0.077143449485405607 -0.048321117729821589 0.034052820362895961 -0.068515524526003416 0.060810340259404599 0.040027231773543545
leaf_weight=713.60493530333042 571.32692231237888 92.034747943282127 11.08667069673538 38.709743499755859 71.443123117089272 9.6858965754508954 10.963881298899649 21.317905262112617 74.637340322136879 5.4030617028474834 7.1194346100091925 5.1545186489820471 21.858760669827461 3.2246609777212134
leaf_count=950 4090 667 74 257 166 54 24 138 537 33 21 37 44 8
internal_value=-0.000621519 -0.0600585 -0.0287861 0.00448534 0.0346743 0.0761306 -0.0629012 -0.0150443 -0.0715922 -0.0479017 -0.0494589 0.0197199 0.038237 -0.0759154
internal_weight=1657.57 934.281 252.676 128.359 82.5298 723.291 124.317 32.2818 681.605 107.054 45.8292 32.4163 27.2618 574.552
internal_count=7100 6096 1347 518 240 1004 829 162 4749 651 278 114 77 4098
is_linear=0
shrinkage=0.05


Tree=7
num_leaves=15
num_cat=0
split_feature=108 33 85 16 39 101 103 52 48 8 46 31 5 1
split_gain=2813.83 111.688 84.2163 84.1307 74.6428 59.3365 52.6844 49.7828 47.3223 57.5 20.1896 19.7575 63.8055 37.5193
threshold=3.4695249269134372e-05 1439.4903564453127 0.00075471162563189875 0.021303555928170684 1.0000000180025095e-35 0.30094745755195623 3.5000000000000004 1.0500000119209292 1.4643500207967011e-06 62.288898468017585 0.0090623050928115862 243.13334655761722 96.65808486938478 3431.139770507813
decision_type=2 10 2 10 8 10 2 8 8 10 10 10 10 2
left_child=7 2 5 -3 -4 8 10 -1 9 -2 -7 -10 13 -13
right_child=1 3 4 -5 -6 6 -8 -9 11 -11 -12 12 -14 -15
leaf_value=0.075453122117484575 0.040924559394465598 -0.073089678720209578 0.065370440327282078 0.07404029165881694 -0.075201540788966778 -0.077307470715617971 0.030224984227770153 -0.032450252329767518 -0.074874813010712082 -0.074996045197622194 0.048807461257601721 -0.073243947301501133 -0.06722421812087423 0.050714573825109049
leaf_weight=719.86436980962753 21.537754490971565 13.933236166834829 23.753095909953117 27.014744237065315 14.287025824189184 25.334326893091205 30.498580500483513 10.33291547000408 571.40890234708786 19.418436855077744 2.9239080697298041 7.6749351918697384 163.31554006040096 19.755665168166161
leaf_count=978 61 103 41 39 104 184 100 59 4179 143 6 55 1143 48
internal_value=0.000290648 -0.0568428 -0.0605173 0.0234279 0.0120008 -0.0637282 -0.0149319 0.0738839 -0.0672752 -0.0145141 -0.0630361 -0.0700877 -0.0554314 0.0146753
internal_weight=1671.05 940.856 899.908 40.948 38.0401 861.868 58.7568 730.197 803.111 40.9562 28.2582 762.155 190.746 27.4306
internal_count=7243 6206 6064 142 145 5919 290 1037 5629 204 190 5425 1246 103
is_linear=0
shrinkage=0.05


Tree=8
num_leaves=15
num_cat=0
split_feature=54 73 34 124 16 46 4 31 34 119 32 47 124 38
split_gain=2663.46 106.268 107.676 74.5994 52.3063 47.1221 23.5476 32.9918 69.8086 39.4442 33.863 22.2898 26.832 21.4187
threshold=1.0000000180025095e-35 255.45772552490237 247.26355743408206 -0.26599924266338343 0.21505891531705859 1.32249999751366e-06 32.658084869384773 274.47221374511724 1359.0176391601565 0.28437347710132604 30.832298278808597 0.32454200088977819 -0.027321645990014073 0.0022637245710939173
decision_type=8 2 8 10 8 8 8 10 10 2 10 10 10 10
left_child=4 6 11 -4 -1 -5 7 9 -9 -2 -11 -3 -13 -7
right_child=1 2 3 5 -6 13 -8 8 -10 10 -12 12 -14 -15
leaf_value=-0.040518458751168301 -0.070331827366149444 -0.072398004464450341 -0.07080630474126158 -0.07289433061472024 0.073620355213386446 0.044639489798972039 -0.07451985659288822 -0.069788582149926365 0.049143445922737401 0.073806624786142291 -0.066413351675218918 -0.07449962853900477 0.038104594045453875 -0.023590102922127786
leaf_weight=9.592788100242613 173.73665750026703 98.593139603734016 25.81664876639843 10.49359294772148 700.20962457358837 77.342002600431442 430.29002793133259 26.517632275819778 21.430622220039368 8.7125273644924146 6.757783666253089 8.6285849958658236 10.805423513054846 12.83621236681938
leaf_count=56 1274 733 185 77 970 198 3251 193 54 19 51 62 34 68
internal_value=-0.000551699 -0.0570554 -0.0286894 0.00340536 0.072023 0.0229457 -0.0673887 -0.0541916 -0.0167135 -0.0635514 0.0122419 -0.0628246 -0.0130902 0.0347753
internal_weight=1621.76 911.961 244.516 126.488 709.802 100.672 667.445 237.155 47.9483 189.207 15.4703 118.027 19.434 90.1782
internal_count=7225 6199 1357 528 1026 343 4842 1591 247 1344 70 829 96 266
is_linear=0
shrinkage=0.05


Tree=9
num_leaves=15
num_cat=0
split_feature=108 73 34 94 123 52 128 44 4 31 34 119 32 137
split_gain=2385.84 110.889 99.4249 81.0863 39.1122 33.491 31.2157 31.0548 27.029 37.4254 68.7745 44.6429 34.5451 25.4941
threshold=3.4695249269134372e-05 255.45772552490237 261.97103881835943 0.00011036870273528622 -27.121073722839352 1.0500000119209292 786.60397338867199 0.035794554278254516 32.658084869384773 259.04983520507818 1359.0176391601565 0.25500218570232397 30.832298278808597 97.085403442382827
decision_type=2 2 10 10 10 8 10 10 8 10 10 2 10 2
left_child=5 8 6 -4 7 -1 -3 -5 9 11 -11 -2 13 -13
right_child=1 2 3 4 -6 -7 -8 -9 -10 10 -12 12 -14 -15
leaf_value=0.07158896574667821 -0.07122623507516733 -0.064186680594201961 -0.062643945786110294 -0.062531597545878628 0.045447292845670194 -0.023584039120949144 0.049960960820450942 0.060933336740840283 -0.07262659585903701 -0.064300995999127877 0.047512785671357721 0.088511420961618473 -0.067128506703246868 -0.057518139179453899
leaf_weight=669.68048411607742 155.44025801122189 112.00866506993771 32.139214247465134 16.856685504317287 73.902746260166168 8.9334337413310987 5.6143041402101508 6.2230944931507102 414.72290426492691 29.28229495882988 24.243476375937462 10.45882858335972 9.3099600225687009 3.2657530307769767
leaf_count=956 1185 818 225 113 187 50 16 11 3213 213 61 16 72 25
internal_value=-0.000316998 -0.0539737 -0.0253144 0.0050082 0.0278381 0.0703032 -0.058363 -0.0280933 -0.0648521 -0.0507023 -0.0137145 -0.0616569 0.00319485 0.0522174
internal_weight=1572.08 893.468 246.745 129.122 96.9825 678.614 117.623 23.0798 646.723 232.001 53.5258 178.475 23.0345 13.7246
internal_count=7161 6155 1370 536 311 1006 834 124 4785 1572 274 1298 113 41
is_linear=0
shrinkage=0.05


Tree=10
num_leaves=15
num_cat=0
split_feature=108 73 30 78 45 59 127 91 31 5 128 5 109 122
split_gain=2242.87 98.7161 85.9737 82.5318 39.8452 33.4871 47.8452 30.9862 23.0815 77.5524 21.5367 21.5153 20.35 19.4558
threshold=3.4695249269134372e-05 255.45772552490237 1166.1854248046877 1.0000000180025095e-35 0.054040439426898963 38.323677062988288 1.0000000180025095e-35 0.088732816278934493 259.04983520507818 96.65808486938478 -48.118227005004876 517.31613159179699 1.9949458837509157 298.85276794433599
decision_type=2 2 10 2 10 2 8 10 10 10 10 10 2 8
left_child=5 8 7 11 12 6 -1 -3 -2 10 -10 -4 -5 -9
right_child=1 2 3 4 -6 -7 -8 13 9 -11 -12 -13 -14 -15
leaf_value=0.054398487917623028 -0.067817044757904177 -0.069412932302975072 -0.042534402906206893 -0.058088485108937472 0.045416599265445279 0.071042225484990118 -0.081199988089621714 0.038965983761684385 -0.062031205150153312 -0.066950545419796864 0.05119833121724552 0.060811418292989208 0.025228177160763501 -0.064629915675155594
leaf_weight=21.965053126215935 527.79479002952576 91.951520711183548 4.9198416769504538 54.736127942800522 13.297983571887015 638.73187114298344 8.1040576100349444 11.807380780577658 4.2338275387883213 74.069022662937641 22.318175911903381 46.970285326242447 7.8635926991701117 6.0155220478773144
leaf_count=46 4120 712 31 370 37 917 56 38 32 571 51 87 28 46
internal_value=-0.000107915 -0.0532006 -0.0255938 0.00233481 -0.0307506 0.0686144 0.0164155 -0.0578328 -0.0635796 -0.0409041 0.0315473 0.050394 -0.0473904 0.00242468
internal_weight=1534.78 865.978 237.562 127.788 75.8977 668.801 30.0691 109.774 628.416 100.621 26.552 51.8901 62.5997 17.8229
internal_count=7142 6123 1349 553 435 1019 102 796 4774 654 83 118 398 84
is_linear=0
shrinkage=0.05


Tree=11
num_leaves=15
num_cat=0
split_feature=54 6 73 38 88 20 101 31 2 119 32 32 124 124
split_gain=2065.49 94.0316 77.6349 58.5197 58.0559 46.1199 39.7645 36.2978 74.0894 39.4406 47.1368 28.1627 25.6624 23.3456
threshold=1.0000000180025095e-35 34.357757568359382 244.47453308105472 0.00047517356870230293 0.19169820100069049 6.1639697378268479e-05 0.30094745755195623 243.13334655761722 44.025472640991218 0.25500218570232397 30.832298278808597 32.575269699096687 -0.15954545140266416 -0.0712999291718006
decision_type=8 8 2 10 8 10 8 10 10 2 10 10 10 10
left_child=4 2 7 5 -1 -4 -3 9 11 -2 -11 -9 -7 -8
right_child=1 6 3 -5 -6 12 13 8 -10 10 -12 -13 -14 -15
leaf_value=-0.056642378873053012 -0.070780273960707976 -0.06926832858529923 -0.066461416451802743 -0.051407958334945672 0.068436386553241413 -0.048181191671560819 -0.070464119075225651 -0.065697032986238357 -0.069974410449847077 0.06353874653987146 -0.066777101635096162 0.047420884428494015 0.051797689497372346 0.010423026102674884
leaf_weight=8.7039841189980489 138.87891804426908 461.11380583047867 10.539925098419188 33.387822449207306 648.65004328638315 6.367115966975688 12.248577475547789 5.6621175557374945 34.479866333305836 12.546854123473169 13.229015193879603 32.946134783327579 61.577678054571152 26.673743940889835
leaf_count=62 1131 3737 84 234 978 43 94 43 278 33 107 85 142 116
internal_value=0.000202947 -0.0512595 -0.0312281 0.00311551 0.0666967 0.026665 -0.0651749 -0.0473342 -0.0176899 -0.0603067 -0.00333966 0.0295917 0.0418657 -0.016159
internal_weight=1507.01 849.652 349.615 111.873 657.354 78.4847 500.036 237.743 73.0881 164.655 25.7759 38.6083 67.9448 38.9223
internal_count=7167 6127 2180 503 1040 269 3947 1677 406 1271 140 128 185 210
is_linear=0
shrinkage=0.05


Tree=12
num_leaves=15
num_cat=0
split_feature=52 85 35 55 39 88 91 36 48 137 3 8 116 128
split_gain=1931.69 87.0976 68.5204 57.5397 56.3647 52.0673 34.4866 41.4923 32.738 53.5756 32.4637 25.1752 22.8352 17.8862
threshold=1.0500000119209292 0.00075471162563189875 1439.4903564453127 33140.003906250007 1.0000000180025095e-35 0.19169820100069049 0.05318753048777581 1413.7432861328127 1.4827500081082692e-06 54.042242050170906 53.384300231933601 46.865633010864265 1.6270994544029238 913.62738037109386
decision_type=8 2 10 10 8 8 8 10 8 2 10 10 2 10
left_child=5 2 6 -4 -3 -1 8 13 9 -2 -9 -11 -12 -8
right_child=1 4 3 -5 -6 -7 7 10 -10 11 12 -13 -14 -15
leaf_value=-0.067619013370752851 0.059712312570221832 0.061488004227530452 0.064013356983489395 -0.065363795430920052 -0.066511908891053434 0.067098510326963165 -0.055157615336721345 -0.063335045176131172 -0.063988296833332389 0.038932721557689398 -0.05686843322415186 -0.069770752478158823 0.079814247329207999 0.058212681242904678
leaf_weight=6.497672162950038 13.755614474415777 27.06726199388504 21.454815924167633 12.955877453088759 11.464208699762819 626.09473165124655 59.714876584708691 6.7529278621077564 619.25431492179632 5.6938966736197463 2.952006600797179 31.63395980745554 16.477380432188511 2.8987865895032874
leaf_count=51 28 47 35 108 93 971 442 55 5016 17 23 257 27 6
internal_value=-0.000187528 -0.0502295 -0.0537941 0.0148317 0.0226853 0.0656102 -0.0569202 -0.0272035 -0.0608102 -0.0217956 0.0249856 -0.0526062 0.0572802 -0.0490764
internal_weight=1464.67 832.076 793.544 34.4107 38.5315 632.592 759.134 88.796 670.338 51.0835 26.1823 37.3279 19.4294 62.6137
internal_count=7176 6154 6014 143 140 1022 5871 553 5318 302 105 274 50 448
is_linear=0
shrinkage=0.05


Tree=13
num_leaves=15
num_cat=0
split_feature=108 85 33 100 7 101 52 122 48 8 124 137 137 37
split_gain=1791.55 79.1589 59.2951 61.2354 49.2715 42.4941 42.0708 31.1551 28.0152 47.0628 20.0803 16.604 38.2176 36.4037
threshold=3.4695249269134372e-05 0.0011234838748350742 1439.4903564453127 0.12182737886905672 53.832799911499031 0.30094745755195623 1.0500000119209292 -7.6269230842590323 1.4827500081082692e-06 62.288898468017585 0.071439478546381011 87.292655944824233 88.205596923828139 0.027833112515509132
decision_type=2 2 10 10 10 10 8 8 8 10 10 2 2 10
left_child=6 2 5 -4 -3 8 -1 -7 9 -2 -9 -10 13 -13
right_child=1 4 3 -5 -6 7 -8 10 11 -11 -12 12 -14 -15
leaf_value=0.065621927207671349 0.026720191558745988 0.06043099690417604 -0.065668210046062617 0.06578573917311728 -0.064938143095617601 0.035710137465021226 -0.038231221522944628 -0.061659546893169097 -0.065871096093866377 -0.067631919209787325 0.0298026472159615 -0.055377468126036736 -0.058417015888806795 0.05574911152795347
leaf_weight=607.75848394632339 24.702987976372242 25.269035369157791 14.171640776097773 20.335569396615028 10.238870769739149 20.297537580132484 9.3022940307855588 25.673013180494308 495.81404437124729 26.441245168447495 7.080756649374961 12.259212180972101 113.69617117196321 15.609130822122095
leaf_count=976 86 47 121 33 85 68 60 195 4237 223 24 98 907 35
internal_value=-0.000159239 -0.0489567 -0.0522974 0.0114704 0.0234917 -0.0552761 0.063997 -0.0119013 -0.0585961 -0.0224208 -0.04159 -0.0614592 -0.0456532 0.00663989
internal_weight=1428.65 811.589 776.081 34.5072 35.5079 741.574 617.061 53.0513 688.523 51.1442 32.7538 637.379 141.565 27.8683
internal_count=7195 6159 6027 154 132 5873 1036 287 5586 309 219 5277 1040 133
is_linear=0
shrinkage=0.05


Tree=14
num_leaves=15
num_cat=0
split_feature=54 73 30 89 89 48 2 4 31 2 119 114 32 32
split_gain=1699.26 74.106 73.4346 70.2301 43.2725 42.9601 27.037 25.4107 33.283 58.439 42.4636 31.4277 28.5063 24.3757
threshold=1.0000000180025095e-35 255.45772552490237 1026.749450683594 0.01021305099129677 0.18873507529497149 1.5039000231809043e-06 53.06120681762696 32.658084869384773 243.13334655761722 44.334615707397468 0.25500218570232397 0.47068931162357336 32.575269699096687 30.832298278808597
decision_type=8 2 8 8 8 8 10 8 10 10 2 2 10 8
left_child=4 7 -3 5 -1 -4 -5 8 10 12 -2 -12 -10 -13
right_child=1 2 3 6 -6 -7 -8 -9 9 -11 11 13 -14 -15
leaf_value=-0.044489362696855154 -0.06594630506610874 -0.057842331131199957 0.013504206805404977 -0.047108531780453211 0.064890575872754416 -0.067034923385306242 0.048740111699051077 -0.065384734191497276 -0.062216503660936479 -0.066094407551428813 -0.061309791508836545 0.092218892627485519 0.056091819201024441 -0.051762776086380705
leaf_weight=8.5260967612266523 129.51828434318304 90.04854803532362 27.058037906885147 7.6018470451235762 595.52547065168619 40.524973593652248 57.842886902391911 365.6808113232255 5.3877615481615093 24.776095010340214 8.634095139801504 10.012477964162825 26.251930259168148 3.273842327296733
leaf_count=59 1143 741 105 47 979 329 158 3253 43 215 75 13 56 29
internal_value=8.94297e-05 -0.0478425 -0.0232438 0.000433243 0.0632757 -0.0350629 0.0370652 -0.057353 -0.0429773 -0.0099706 -0.0551273 0.00888589 0.0346568 0.0556009
internal_weight=1400.66 796.612 223.076 133.028 604.052 67.583 65.4447 573.535 207.854 56.4158 151.439 21.9204 31.6397 13.2863
internal_count=7245 6207 1380 639 1038 434 205 4827 1574 314 1260 117 99 42
is_linear=0
shrinkage=0.05


Tree=15
num_leaves=15
num_cat=0
split_feature=108 6 115 8 47 70 42 62 52 46 33 86 49 6
split_gain=1589.38 73.6135 62.2079 90.4525 34.3661 34.6781 31.7226 30.3445 28.4038 21.8986 21.1533 35.7029 20.1143 19.714
threshold=3.4695249269134372e-05 34.357757568359382 0.027696240693330768 54.632076263427741 0.20022101700305941 1420.8262939453127 0.018921628594398502 82.547912597656264 1.0500000119209292 1.8074999843520347e-06 1439.4903564453127 0.97244542837142955 0.27653878927230841 34.188301086425788
decision_type=2 8 2 10 10 2 10 2 8 8 10 2 10 10
left_child=8 2 10 7 13 -6 12 -4 -1 -8 -2 -12 -3 -5
right_child=1 6 3 4 5 -7 9 -9 -10 -11 11 -13 -14 -15
leaf_value=0.063664746202921493 -0.063413207731845597 -0.065117880977048001 -0.065337488241642511 -0.065401938538882043 -0.03950077178721096 0.066073206176487126 0.026450861908273861 0.038639234940753941 -0.021965019937505263 -0.051968173900899507 0.065443751266409986 -0.062933517181451126 0.053834057110210734 0.041235625857743943
leaf_weight=571.19192447513342 111.07800311595201 412.81257929652929 6.8293349146842948 69.196347370743752 17.912504009902481 12.216147646307943 16.786240540444851 74.652175709605217 9.3972913548350316 16.936247982084751 8.6145941466093081 11.417561531066893 2.8802177906036368 3.9656320735812178
leaf_count=973 984 3769 59 616 128 25 68 234 57 139 13 104 6 10
internal_value=-7.96102e-05 -0.0473802 -0.0287423 -0.00995008 -0.0408478 0.00405333 -0.0603873 0.029238 0.0622434 -0.0132955 -0.0549503 -0.00723966 -0.0641665 -0.0591437
internal_weight=1345.89 765.298 315.882 184.772 103.291 30.1287 449.415 81.4815 580.589 33.7225 131.11 20.0322 415.693 73.162
internal_count=7185 6155 2173 1072 779 153 3982 293 1030 207 1101 117 3775 626
is_linear=0
shrinkage=0.05


Tree=16
num_leaves=15
num_cat=0
split_feature=108 6 73 123 114 115 52 101 122 123 2 33 30 45
split_gain=1453.26 79.8091 64.742 45.1655 32.1372 43.7211 30.5005 28.2062 29.0429 25.245 22.8321 22.5726 27.6515 22.4932
threshold=3.4695249269134372e-05 34.357757568359382 244.47453308105472 53.639837265014656 0.47831371426582342 0.033172955736517913 1.0500000119209292 0.30094745755195623 -2.4348988533020015 -12.264877319335936 39.605234146118171 1439.4903564453127 1406.317321777344 0.067961465567350401
decision_type=2 8 2 8 2 2 8 10 8 10 10 10 10 10
left_child=6 2 4 9 11 10 -1 -3 -9 -4 -6 -2 -13 -5
right_child=1 7 3 13 5 -7 -8 8 -10 -11 -12 12 -14 -15
leaf_value=0.062460748568792329 -0.061433181334362146 -0.062995364992234723 -0.017537484182610839 -0.066937799976840517 -0.05786073136968678 -0.059265543840420244 -0.032132300584603639 0.042222950715087977 -0.053637404425653949 0.046436142682171944 0.045031620944542265 0.064605019347753964 -0.05933495689231838 0.018556871045361991
leaf_weight=549.03478542715311 133.3672990873456 402.33915236592293 21.272187128663063 24.00239834934473 5.7301691696047774 25.380848295986652 8.0849133282899839 12.978932917118071 17.260598577558998 51.134800970554352 27.790928468108177 7.7999145388603237 8.2108102664351446 10.58527912199497
leaf_count=970 1226 3785 124 212 52 226 52 39 137 134 82 12 77 49
internal_value=-3.9304e-05 -0.0455563 -0.0262976 0.00529398 -0.0424742 -0.0109577 0.0610329 -0.0594995 -0.0124592 0.0276587 0.0262764 -0.0547461 0.00129304 -0.0409866
internal_weight=1304.97 747.853 315.275 106.995 208.28 58.9019 557.12 432.579 30.2395 72.407 33.5211 149.378 16.0107 34.5877
internal_count=7177 6155 2194 519 1675 360 1022 3961 176 258 134 1315 89 261
is_linear=0
shrinkage=0.05


Tree=17
num_leaves=15
num_cat=0
split_feature=108 6 115 8 101 52 62 34 43 47 6 30 124 67
split_gain=1358.63 71.5633 53.4807 92.9248 45.4425 29.2675 29.2061 28.827 37.231 25.645 24.2137 23.5725 21.5523 20.5141
threshold=3.4695249269134372e-05 34.357757568359382 0.027506905607879165 56.250652313232429 0.30094745755195623 1.0500000119209292 82.547912597656264 1439.4903564453127 0.97227710485458385 0.20594077557325366 34.188301086425788 517.74331665039074 -0.0712999291718006 37.743314743041999
decision_type=2 8 2 10 10 8 2 10 10 10 10 10 10 2
left_child=5 2 7 6 -3 -1 -4 -2 -9 10 -5 -11 -6 -14
right_child=1 4 3 9 12 -7 -8 8 -10 11 -12 -13 13 -15
leaf_value=0.061640455353352441 -0.061172952005123848 -0.062055173892249009 -0.061462764534780015 -0.062685784203139472 -0.062505881238278369 -0.031061554066598596 0.039975867217472531 0.064405142290430109 -0.061603792049157585 -0.061888123813937691 0.049065534610252752 0.033218589470359411 -0.057529692324083483 0.04915188438671772
leaf_weight=538.50890675187111 104.9219531044364 388.73659992218018 6.9295380488038054 69.407023370265961 8.8875973299145681 8.085886783897875 75.778244182467461 10.872280240058901 10.580389469861982 8.8132766038179415 4.4857479482889167 18.386573165655136 4.9621929153800037 18.373624995350838
leaf_count=983 988 3783 64 655 78 53 234 17 102 78 10 66 43 51
internal_value=0.0006454 -0.04391 -0.0255615 -0.00825639 -0.0573371 0.0602149 0.0308443 -0.0504678 0.00228213 -0.0402349 -0.0553372 0.00130034 -0.00026445 0.025035
internal_weight=1277.73 731.135 310.175 183.8 420.96 546.595 82.7078 126.375 21.4527 101.093 73.8928 27.1998 32.2234 23.3358
internal_count=7205 6169 2214 1107 3955 1036 298 1107 119 809 665 144 172 94
is_linear=0
shrinkage=0.05


Tree=18
num_leaves=15
num_cat=0
split_feature=108 73 30 38 116 4 31 66 119 37 59 126 50 114
split_gain=1255 85.0539 66.4411 61.2862 30.9628 25.5075 32.1001 46.6376 33.007 27.0725 22.5399 34.0103 19.8698 16.7719
threshold=3.4695249269134372e-05 255.45772552490237 983.44934082031261 1.0000000180025095e-35 1.3380094766616824 32.658084869384773 230.08767700195315 1359.0176391601565 0.25500218570232397 0.0070484634488821038 38.323677062988288 28.037946701049808 0.57679292559623729 0.47283358871936804
decision_type=2 2 10 10 2 8 10 2 2 10 2 2 10 2
left_child=10 5 12 4 -4 6 8 -8 -2 -10 11 -1 -3 -5
right_child=1 2 3 13 -6 -7 7 -9 9 -11 -12 -13 -14 -15
leaf_value=0.040013225059510951 -0.062354274863991282 -0.058702461497994907 -0.050781523777071319 -0.055694783986943858 0.04186376796244539 -0.06224624215225364 -0.050789587569205277 0.038599522992005766 -0.057537370146727357 0.055089995156841536 0.062002265468640363 -0.10130588216962055 0.041693437155305983 0.012213155256112877
leaf_weight=20.848361685872081 112.16785591840744 71.905154652893543 9.3601942732930166 35.729330912232399 75.945360533893108 314.33259316533804 28.570385664701462 27.828534126281738 8.3291992917656916 11.485644564032553 496.88885712623596 4.3002404794096938 4.5940305590629569 11.663653172552584
leaf_count=60 1118 687 80 308 211 3215 254 85 82 35 924 35 15 54
internal_value=0.000844061 -0.0423126 -0.0154251 0.00601463 0.0312276 -0.0534486 -0.0385177 -0.00677887 -0.0519274 0.00725715 0.0596659 0.0128985 -0.0522132 -0.0390753
internal_weight=1233.95 711.912 209.198 132.699 85.3056 502.714 188.382 56.3989 131.983 19.8148 522.037 25.1486 76.4992 47.393
internal_count=7163 6144 1355 653 291 4789 1574 339 1235 117 1019 95 702 362
is_linear=0
shrinkage=0.05


Tree=19
num_leaves=15
num_cat=0
split_feature=52 85 35 22 39 89 128 45 32 132 8 115 32 124
split_gain=1207.26 66.7742 50.4226 45.3489 31.4561 31.2746 29.5905 28.0539 20.656 30.059 23.2921 35.8792 17.7876 17.7155
threshold=1.0500000119209292 0.00092777871759608399 1439.4903564453127 0.064452957361936583 1.0000000180025095e-35 0.18873507529497149 786.60397338867199 0.044931827113032348 34.391719818115241 1.0000000180025095e-35 55.699079513549812 0.027968198060989383 34.258493423461921 0.38315427303314215
decision_type=8 2 10 10 8 8 10 10 10 2 8 2 10 10
left_child=5 2 6 -4 -3 -1 8 -8 9 12 11 -11 -2 -12
right_child=1 4 3 -5 -6 -7 7 -9 -10 10 13 -13 -14 -15
leaf_value=-0.040794645250424977 -0.05497800011588827 0.056001918814117847 -0.059217247481591566 0.062797497545553388 -0.045999879383114957 0.059914338221111842 -0.057173768085562161 0.063695107863424999 -0.059520227051615138 -0.052972196094091255 -0.062146343064365873 0.039040767297756206 0.013268395781877629 0.079427177579410368
leaf_weight=7.1761717200279227 168.83012468367815 23.472142659127712 11.474038295447828 18.659715577960014 10.058301158249376 499.22455915808678 7.3436761200428036 10.368657872080801 356.41580813378096 14.859510019421576 23.310556516051296 30.994342774152756 9.7469800934195501 1.5793191790580738
leaf_count=54 1590 44 117 31 92 979 73 24 3680 140 232 96 44 2
internal_value=-0.00010288 -0.0432487 -0.0467806 0.0159281 0.0249579 0.0584096 -0.0498322 0.0132046 -0.0516942 -0.0403135 -0.0125025 0.00872864 -0.0511999 -0.0504423
internal_weight=1193.51 687.113 653.583 30.1338 33.5304 506.401 623.449 17.7123 605.737 249.321 70.7437 45.8539 178.577 24.8899
internal_count=7198 6165 6029 148 136 1033 5881 97 5784 2104 470 236 1634 234
is_linear=0
shrinkage=0.05


Tree=20
num_leaves=15
num_cat=0
split_feature=52 85 35 64 7 16 128 91 95 8 49 6 114 66
split_gain=1112.39 55.6238 41.5649 40.5997 36.3001 33.3742 30.4009 25.5778 23.6098 27.2617 23.8869 14.3855 27.9951 44.624
threshold=1.0500000119209292 0.0011234838748350742 1439.4903564453127 62.832298278808601 53.832799911499031 0.21505891531705859 913.62738037109386 0.043310416862368591 1.4643500207967011e-06 62.288898468017585 0.36965844035148626 34.357757568359382 0.47462353110313421 247.26355743408206
decision_type=8 2 8 2 10 8 10 10 10 10 10 8 2 2
left_child=5 2 6 -4 -3 -1 8 -8 9 -2 11 12 -10 -14
right_child=1 4 3 -5 -6 -7 7 -9 10 -11 -12 -13 13 -15
leaf_value=-0.037961036685838764 0.031067861656021763 0.056376043341234632 -0.054906770669980565 0.049561220292615414 -0.058103125928606829 0.059417016406407508 -0.055048963512985154 0.0717468154016489 -0.056682254348365713 -0.059932904308622942 0.060612045206014646 -0.06056081217545263 -0.057865509126945082 0.018380488581975007
leaf_weight=8.3312144801020604 18.148185148835186 21.957411713898185 14.970257662236689 21.28729210048914 8.9912346303462964 466.00128676742315 5.7678273990750304 8.8030112758278829 137.29974938184023 13.458880014717577 3.8054920658469191 334.96576867252588 35.986354015767574 39.132472045719624
leaf_count=61 59 43 147 55 91 944 59 17 1381 138 8 3625 365 172
internal_value=-0.000791881 -0.0425141 -0.045712 0.00611178 0.0223398 0.0576304 -0.0488624 0.0212431 -0.0506486 -0.00833161 -0.0530557 -0.053955 -0.0433033 -0.0184262
internal_weight=1138.91 664.574 633.625 36.2575 30.9486 474.333 597.368 14.5708 582.797 31.6071 551.19 547.384 212.419 75.1188
internal_count=7165 6160 6026 202 134 1005 5824 76 5748 197 5551 5543 1918 537
is_linear=0
shrinkage=0.05


Tree=21
num_leaves=15
num_cat=0
split_feature=48 6 115 8 59 129 42 96 47 34 43 30 128 129
split_gain=1025.74 68.807 52.371 79.0841 39.1554 34.8285 23.2468 23.1784 23.1427 19.9088 26.9504 18.8959 17.8132 16.7176
threshold=0.12674840539693835 34.357757568359382 0.027506905607879165 56.250652313232429 38.323677062988288 -0.10328823700547217 0.018921628594398502 0.00058550847461447131 0.24826663732528689 1439.4903564453127 0.97227710485458385 517.74331665039074 -69.416915893554673 -0.12575178593397138
decision_type=8 8 2 10 2 10 10 10 10 10 10 10 10 10
left_child=1 2 9 12 5 -2 -3 -8 -5 -1 -11 -10 -4 -13
right_child=4 6 3 8 -6 -7 7 -9 11 10 -12 13 -14 -15
leaf_value=-0.057667628286685937 -0.08235586091638683 -0.058803186898897457 -0.05567274065599373 -0.05199611364998083 0.059302796804481389 0.034935889682757369 -0.06134058547909358 0.02716671570185383 -0.056609084147277403 0.059421345145082752 -0.05779322258758101 -0.056398982934675781 0.037691485488990012 0.062519234278345701
leaf_weight=91.935400933027267 8.2662692144513148 330.33838111907244 4.606785185635089 64.115250185132027 457.76470341533422 18.970742009580135 11.969111137092115 16.300444975495338 6.9621298909187344 8.7181382775306719 8.8992037847638112 2.9548423588275901 75.206495724618435 12.308103889226912
leaf_count=981 72 3686 43 648 963 62 122 77 69 15 97 25 242 29
internal_value=0.0011693 -0.040658 -0.0217607 -0.00399222 0.0558446 -0.00231738 -0.0550858 -0.011122 -0.0369532 -0.0484294 0.000287794 0.00681309 0.0316803 0.0374448
internal_weight=1119.32 634.314 275.706 166.154 485.002 27.237 358.608 28.2696 86.3403 109.553 17.6173 22.2251 79.8133 15.2629
internal_count=7131 6034 2149 1056 1097 134 3885 199 771 1093 112 123 285 54
is_linear=0
shrinkage=0.05


Tree=22
num_leaves=15
num_cat=0
split_feature=108 33 101 48 114 16 103 59 127 137 123 31 97 30
split_gain=980.341 51.6907 47.6718 43.6271 52.8895 39.3731 33.0355 26.4242 31.5373 22.4793 18.7708 17.9975 32.2238 35.8609
threshold=3.4695249269134372e-05 1439.4903564453127 0.30094745755195623 1.5039000231809043e-06 0.46970170736312872 0.021303555928170684 3.5000000000000004 38.323677062988288 1.0000000180025095e-35 54.042242050170906 11.661237716674806 243.13334655761722 0.0056941874790936717 1231.0548095703127
decision_type=2 10 10 8 2 10 2 2 8 2 8 10 10 10
left_child=7 2 3 4 9 -3 -4 8 -1 -2 -6 -5 -13 -14
right_child=1 5 6 11 10 -7 -8 -9 -10 -11 -12 12 13 -15
leaf_value=0.04002689947874867 0.031658721609146442 -0.056445831388306437 -0.045475102548828562 -0.059660185909413965 0.056927090665946062 0.057897682169466926 0.035840552128600794 0.058913038569320758 -0.081975217128171587 -0.060653998885238647 -0.0480183154794422 -0.053515776091623349 -0.057912077862434741 0.036378152935694165
leaf_weight=16.995218075811863 7.2871393710374823 10.280658282339571 19.957009814679623 341.31466343253851 24.471159137785435 21.928129412233829 29.924735933542252 427.69060091674328 6.5089800581336048 37.893459305167198 4.3217955604195621 92.409058764576912 15.450338453054426 25.055929526686668
leaf_count=48 24 117 182 3977 61 42 108 928 50 422 36 973 175 82
internal_value=-0.000112855 -0.0403653 -0.0436885 -0.0479393 -0.012034 0.0207999 0.00305291 0.0560825 0.00427447 -0.0454018 0.0400919 -0.053503 -0.0373644 -0.000115806
internal_weight=1081.49 630.294 598.085 548.204 73.9736 32.2088 49.8817 451.195 23.5042 45.1806 28.793 474.23 132.915 40.5063
internal_count=7225 6199 6040 5750 543 159 290 1026 98 446 97 5207 1230 257
is_linear=0
shrinkage=0.05


Tree=23
num_leaves=15
num_cat=0
split_feature=89 73 30 38 52 124 6 6 31 103 2 108 64 114
split_gain=896.95 73.3495 59.3965 47.3963 30.5631 25.8737 19.6633 26.7951 25.0592 36.1834 17.0572 25.1249 16.1134 15.552
threshold=0.21720667183399203 244.47453308105472 983.44934082031261 1.0000000180025095e-35 1.3452380895614626 0.16564821451902392 34.357757568359382 34.188301086425788 230.08767700195315 2.5000000000000004 55.750310897827156 1.9958816170692446 32.575269699096687 0.47283358871936804
decision_type=8 2 10 10 8 8 8 10 10 2 10 2 2 2
left_child=1 6 -3 5 -2 10 7 8 -1 -10 11 -4 -11 -5
right_child=4 2 3 13 -6 -7 -8 -9 9 12 -12 -13 -14 -15
leaf_value=-0.054794672972536332 0.057231417229575546 -0.050491186969152127 -0.047166341172941398 -0.050114131264364349 -0.025140785082721218 -0.046795288252565022 -0.059677621113231265 0.058298854178777643 -0.058762897699685651 -0.040348507878667193 0.057909750873370226 0.049491078137927892 0.040027813554535267 0.018095727735802803
leaf_weight=110.45794208347797 423.97522783279419 67.443634785711765 11.124773740768434 33.464350454509258 11.038863167166708 8.8439216464757902 245.7661159709096 6.2239018082618704 23.98910666257143 7.3393609225749961 46.30168841779232 14.114622004330156 24.791701175272465 10.454804122447966
leaf_count=1247 965 734 74 330 82 82 3036 19 280 66 111 31 75 49
internal_value=0.000299369 -0.0387787 -0.0130789 0.0074608 0.0550883 0.030162 -0.0504926 -0.0371612 -0.0410545 -0.0135246 0.0401895 0.00671348 0.0210046 -0.0338356
internal_weight=1045.33 610.316 191.748 124.304 435.014 80.385 418.568 172.802 166.578 56.1202 71.5411 25.2394 32.1311 43.9192
internal_count=7181 6134 1411 677 1047 298 4723 1687 1668 421 216 105 141 379
is_linear=0
shrinkage=0.05


Tree=24
num_leaves=15
num_cat=0
split_feature=52 73 9 116 38 16 4 31 119 37 77 9 114 61
split_gain=853.158 74.7899 57.2922 59.5768 29.4331 25.2752 20.6124 23.1814 25.403 26.6407 26.9467 17.4562 16.7584 15.4328
threshold=1.0500000119209292 255.45772552490237 0.66501650214195263 1.4427098631858828 1.0000000180025095e-35 0.21505891531705859 32.658084869384773 109.56320571899415 0.25500218570232397 0.042353175580501563 0.019419306889176372 0.92597928643226635 0.47068931162357336 56.86970520019532
decision_type=8 2 10 2 10 8 8 10 2 10 2 10 2 2
left_child=5 6 -3 -4 13 -1 7 -2 9 10 -9 -11 -10 -5
right_child=1 2 3 4 -6 -7 -8 8 12 11 -12 -13 -14 -15
leaf_value=-0.031519325798459188 -0.059041020288584094 -0.052513209882026707 -0.055388761900573694 0.011686865696641765 -0.017016136319030668 0.056676432859781828 -0.058756416106374922 -0.061348769945104631 -0.04796708512668782 -0.052473337734077675 0.028303381137588721 0.045245584913071193 0.065362084008039653 0.059925874013262485
leaf_weight=7.6897680014371863 61.420783743262291 57.742603935301304 28.668989397585392 26.940463863313198 28.886436134576797 413.53862327337265 251.74736177921295 51.195162184536457 3.5699182897806159 5.4623305648565319 9.3750692382454854 14.989640295505522 11.780164979398249 44.666951149702072
leaf_count=60 767 645 316 102 219 977 3211 584 41 63 43 45 28 102
internal_value=0.000592258 -0.0378567 -0.0115669 0.00700114 0.0251702 0.0549955 -0.0497975 -0.0352242 -0.0195946 -0.0307734 -0.0472381 0.0179173 0.0376838 0.0421881
internal_weight=1017.67 596.446 186.905 129.163 100.494 421.228 409.54 157.793 96.3723 81.0222 60.5702 20.452 15.3501 71.6074
internal_count=7203 6166 1384 739 423 1037 4782 1571 804 735 627 108 69 204
is_linear=0
shrinkage=0.05


Tree=25
num_leaves=15
num_cat=0
split_feature=52 73 34 20 16 123 49 101 6 6 31 61 32 115
split_gain=808.413 68.1063 57.3862 39.0781 28.7618 18.7428 17.6575 17.3714 14.5984 18.1932 18.0762 26.6365 16.7095 11.9576
threshold=1.0500000119209292 255.45772552490237 247.26355743408206 0.00010986080087604934 0.21505891531705859 1157.5614013671877 0.27653878927230841 0.27190510928630834 34.357757568359382 34.188301086425788 230.08767700195315 44.431280136108406 32.575269699096687 0.029268962331116203
decision_type=8 2 8 8 8 8 10 10 8 10 10 2 10 2
left_child=4 6 7 -4 -1 13 8 -3 9 10 -2 12 -12 -5
right_child=1 2 3 5 -6 -7 -8 -9 -10 -11 11 -13 -14 -15
leaf_value=-0.03118654416155052 -0.054246062975795498 -0.059031010130747887 -0.045640163370950587 -0.0041826086513773505 0.055941366580549538 -0.035386001360578533 0.058306412621153526 -0.0058268889488454906 -0.058653652089696466 0.044493230283630503 -0.055662532817308367 -0.057947979677125533 0.03075259153944776 0.046276341213580749
leaf_weight=9.1024129092693311 98.955526947975159 56.57980727404356 22.358033061027527 14.455447897315024 400.08373418450356 9.5983142331242544 2.9722647666931143 21.236115582287312 232.37235005944967 5.5984055176377288 6.174905031919482 22.50896293669939 24.800078064203262 58.105658158659935
leaf_count=71 1211 705 226 73 985 82 7 144 3113 20 64 280 89 158
internal_value=0.000273467 -0.0378913 -0.0125406 0.0116517 0.0539319 0.0276038 -0.0495798 -0.0447697 -0.050548 -0.0383359 -0.041648 -0.0177713 0.0123236 0.0363038
internal_weight=984.902 575.716 182.333 104.517 409.186 82.1594 393.382 77.8159 390.41 158.038 152.439 53.4839 30.975 72.5611
internal_count=7228 6172 1388 539 1056 313 4784 849 4777 1664 1644 433 153 231
is_linear=0
shrinkage=0.05


Tree=26
num_leaves=15
num_cat=0
split_feature=108 73 34 115 59 127 123 4 31 99 119 32 114 98
split_gain=752.548 58.7367 51.9374 32.7398 31.0069 27.0525 18.7244 17.1173 23.4094 27.1015 21.2016 18.1753 16.9902 15.7973
threshold=3.4695249269134372e-05 255.45772552490237 247.26355743408206 0.029371046461164955 38.323677062988288 1.0000000180025095e-35 1090.956970214844 32.658084869384773 230.08767700195315 0.025338916108012203 0.25500218570232397 32.575269699096687 0.47462353110313421 0.081535670906305327
decision_type=2 2 10 2 2 8 8 8 10 10 2 10 2 10
left_child=4 7 -3 13 5 -1 -5 8 10 -10 -2 -11 -12 -4
right_child=1 2 3 6 -6 -7 -8 -9 9 11 12 -13 -14 -15
leaf_value=0.032757725759779983 -0.057331281677555107 -0.043938221326265361 -0.049981673402483301 0.038980157494745704 0.056614467098440806 -0.086639632501288963 -0.042739263357187945 -0.057049284099986268 -0.056126766052475033 -0.040976992486350686 -0.051934488234238324 0.04441576478274982 0.046877141950941018 0.033970140439307538
leaf_weight=12.967050507664679 88.322576008737087 76.408044844865799 23.988756187260154 60.745147094130516 366.90317425876856 6.1948556825518635 7.0763016417622557 230.42783923447132 15.84433142095804 7.5651237592101124 6.5704140290617934 22.803280904889107 9.2419024035334569 6.454158551990985
leaf_count=43 1161 862 236 186 931 53 69 3184 203 72 83 59 34 21
internal_value=-0.000157489 -0.0374002 -0.0132933 0.010738 0.0533833 -0.00822496 0.0299567 -0.0483949 -0.0348415 -0.00506537 -0.0478817 0.0225153 0.00517154 -0.0316689
internal_weight=941.513 555.448 174.672 98.2644 386.065 19.1619 67.8214 380.775 150.348 46.2127 104.135 30.3684 15.8123 30.4429
internal_count=7197 6170 1374 512 1027 96 255 4796 1612 334 1278 131 117 257
is_linear=0
shrinkage=0.05


Tree=27
num_leaves=15
num_cat=0
split_feature=89 73 34 89 48 46 65 22 128 35 2 4 31 48
split_gain=733.857 62.8629 43.4373 34.7984 25.4546 23.9973 41.2226 19.5422 16.7681 14.8306 14.7945 13.9207 18.7508 27.7606
threshold=0.21720667183399203 244.47453308105472 247.26355743408206 0.01021305099129677 1.5239000390465664e-06 0.0090623050928115862 55.112583160400398 0.54116547107696544 -5.6463046073913565 30.832298278808597 52.643306732177741 32.658084869384773 259.04983520507818 1.4929499911886526e-06
decision_type=8 2 10 10 10 10 2 10 10 8 10 8 10 8
left_child=1 11 7 4 8 6 9 -3 -4 -2 -5 12 13 -1
right_child=5 2 3 10 -6 -7 -8 -9 -10 -11 -12 -13 -14 -15
leaf_value=0.015735790787735106 0.019511992498837949 -0.046669227420050426 -0.059302207599086998 -0.032714429214836756 -0.053756830748130424 0.057332677918169477 0.045686950550142678 0.077859176015801501 0.03560546752762353 -0.10116882613222639 0.050230918545678897 -0.057095833175103188 -0.0053786766998628098 -0.057816343019560137
leaf_weight=14.575586609542368 3.2754383534193012 69.62365198880434 4.9629002958536175 5.4585048705339423 25.239004798233509 344.73701563477516 30.340597607195377 2.4176917076110831 20.764246180653572 7.2292506471276292 41.398137591779232 222.98434414714575 36.575784832239151 87.156160958111286
leaf_count=96 11 834 48 36 270 896 97 3 62 78 106 3210 268 1175
internal_value=0.000612001 -0.0374761 -0.0122943 0.00940267 -0.0190357 0.0530411 0.0163157 -0.0414813 0.0157635 -0.0651144 0.0400866 -0.0492488 -0.0362786 -0.0472276
internal_weight=916.738 531.156 169.864 97.8228 50.9662 385.582 40.8453 72.0413 25.7271 10.5047 46.8566 361.292 138.308 101.732
internal_count=7190 6108 1359 522 380 1082 186 837 110 89 142 4749 1539 1271
is_linear=0
shrinkage=0.05


Tree=28
num_leaves=15
num_cat=0
split_feature=108 73 115 124 17 82 59 127 4 31 8 115 50 32
split_gain=655.003 52.1349 44.9028 39.6883 30.0233 22.5748 22.2613 25.5185 21.6765 24.7374 21.1453 29.2224 18.0996 17.1605
threshold=3.4695249269134372e-05 255.45772552490237 0.16849381476640704 -0.26599924266338343 0.040793437510728843 0.00086883336189202975 38.323677062988288 1.0000000180025095e-35 32.658084869384773 109.56320571899415 62.288898468017585 0.027696240693330768 0.66089934110641491 62.832298278808601
decision_type=2 2 2 10 10 2 2 8 10 10 10 2 10 8
left_child=6 8 3 -3 5 -5 7 -1 9 -2 11 13 -4 -11
right_child=1 2 12 4 -6 -7 -8 -9 -10 10 -12 -13 -14 -15
leaf_value=0.039603098857356522 -0.057386375197541722 -0.053777880736687239 -0.057964250076801449 0.013469710407661442 0.055243318826633026 -0.061642549700731089 0.055595187920764094 -0.075585000340758005 -0.056030146795031099 -0.052401162268270879 -0.054083403248912011 0.03024933821508672 0.043744698116639044 0.040022703518585306
leaf_weight=13.173247285187243 52.78432996571064 21.737135119736195 49.32631416618824 45.740128420293331 35.598286673426628 11.729110591113566 335.72584412246943 6.2767988890409496 215.00843191891909 25.070984870195389 23.45809692889452 36.225626163184643 4.0714282244443885 5.4375050812959698
leaf_count=42 766 256 669 219 90 127 925 53 3219 335 314 146 14 18
internal_value=0.000210367 -0.0351792 -0.0121234 0.00556089 0.0198446 -0.00265231 0.0525909 0.000551963 -0.0459482 -0.030503 -0.014313 0.000259057 -0.0495476 -0.0351811
internal_weight=881.363 526.187 168.202 114.805 93.0675 57.4692 355.176 19.45 357.985 142.977 90.1922 66.7341 53.3977 30.5085
internal_count=7193 6173 1375 692 436 346 1020 95 4798 1579 813 499 683 353
is_linear=0
shrinkage=0.05


Tree=29
num_leaves=15
num_cat=0
split_feature=89 73 38 124 31 46 6 4 31 71 115 64 129 129
split_gain=607.544 59.2718 41.5288 32.7454 27.004 26.2987 38.0137 20.2524 21.1719 16.8925 24.1164 16.1155 14.8337 14.6491
threshold=0.21720667183399203 244.47453308105472 1.0000000180025095e-35 -0.15954545140266416 581.40093994140636 0.0090623050928115862 55.568002700805671 32.658084869384773 109.56320571899415 62.288898468017585 0.027696240693330768 62.832298278808601 0.011330579407513143 -0.16750355809926984
decision_type=8 2 8 10 10 10 10 8 10 2 2 2 8 10
left_child=1 7 3 -3 13 6 -2 8 -1 10 11 -10 -12 -5
right_child=5 2 -4 4 -6 -7 -8 -9 9 -11 12 -13 -14 -15
leaf_value=-0.056656351765627756 -0.069698391332405962 -0.05145444095632571 -0.039918896105936713 -0.042280548236044269 -0.05291069524734289 0.056531573295568231 0.041495592189474538 -0.056332380598412203 -0.051505504646801176 -0.052988394879094514 0.042393698194973253 0.044388909701771895 -0.032368091566564443 0.039758610422415068
leaf_weight=49.246080435812473 9.5836936980485898 16.678808070719242 67.312928952276707 5.095463663339614 9.3379429355263692 307.96129631251097 27.215336956083775 202.64066193252802 24.341466009616855 21.23982585221529 27.202137261629105 4.492953196167945 7.8658338934183112 68.996105201542377
leaf_count=748 87 205 772 54 132 869 98 3177 338 295 89 14 62 226
internal_value=0.000695443 -0.0342426 -0.00984668 0.0105687 0.0234307 0.0517677 0.0114592 -0.0462965 -0.0308593 -0.0154538 -0.00235394 -0.0355763 0.025192 0.0336287
internal_weight=849.211 504.45 167.421 100.108 83.4295 344.76 36.799 337.029 134.388 85.1422 63.9024 28.8344 35.068 74.0916
internal_count=7166 6112 1389 617 412 1054 185 4723 1546 798 503 352 151 280
is_linear=0
shrinkage=0.05


Tree=30
num_leaves=15
num_cat=0
split_feature=89 31 67 52 101 119 89 32 47 114 124 74 85 19
split_gain=582.239 46.3381 34.0805 27.0894 23.3558 21.5199 36.135 37.3519 15.5829 14.8181 14.093 11.7161 11.3925 10.2983
threshold=0.21720667183399203 104.0075035095215 34.357757568359382 1.5192307829856875 0.30094745755195623 0.2526670247316361 0.014009616337716581 32.575269699096687 0.46402384340763098 0.46672651171684271 -0.0712999291718006 0.65897691249847423 0.0025305799208581452 0.013996240217238666
decision_type=8 10 2 8 10 2 10 10 10 2 10 2 2 8
left_child=1 12 5 -2 -4 6 13 8 -8 -7 -6 -9 -1 -3
right_child=3 2 4 -5 10 9 7 11 -10 -11 -12 -13 -14 -15
leaf_value=-0.054038178367354042 0.053607888296749132 0.016524573098725775 -0.050500914968187906 -0.038537080820857141 -0.052946214899954096 -0.048390179334161017 -0.058329552570324433 -0.045336885888289775 0.027683026052779447 0.054107339045110628 0.041451697015384446 0.041193699876748313 0.041098798328575173 -0.04469615998465945
leaf_weight=195.15370024368167 327.3676858022809 7.1315272189676753 102.88427223265171 7.5014203637838355 4.7626825049519566 3.4517517685890224 20.124168340116743 3.4396594166755667 6.3428025171160689 19.349629051983356 11.774322815239428 47.723074410110712 2.5130164772272101 66.983837842941284
leaf_count=3064 986 52 1485 75 55 42 266 49 29 59 42 161 6 818
internal_value=0.000672544 -0.0339378 -0.0212347 0.0514352 -0.0417023 -0.0070733 -0.0139274 0.00988063 -0.0374593 0.0372097 0.0127961 0.0346186 -0.0526279 -0.0386638
internal_weight=826.504 491.634 293.968 334.869 119.421 174.546 151.745 77.6297 26.467 22.8014 16.537 51.1627 197.667 74.1154
internal_count=7189 6128 3058 1061 1582 1476 1375 505 295 101 97 210 3070 870
is_linear=0
shrinkage=0.05


Tree=31
num_leaves=15
num_cat=0
split_feature=48 73 38 124 94 17 62 5 48 49 6 101 8 117
split_gain=531.691 65.581 47.4446 31.1702 28.8009 15.9882 13.9992 39.1101 22.4111 23.0955 28.1054 12.7794 16.9679 12.1928
threshold=0.12674840539693835 244.47453308105472 1.0000000180025095e-35 -0.15954545140266416 0.00010928999836323784 0.088924709707498564 259.74577331542974 96.65808486938478 1.4934499859009522e-06 0.00018372300110058862 55.568002700805671 0.17842038720846179 62.797708511352546 15.250000000000002
decision_type=10 2 10 10 8 10 2 10 10 10 10 8 10 2
left_child=1 6 3 -3 -5 -4 8 13 9 10 -1 12 -6 -8
right_child=-2 2 5 4 11 -7 7 -9 -10 -11 -12 -13 -14 -15
leaf_value=-0.055188072119216995 0.054575454327166699 -0.047384352684145696 -0.049208565176448518 -0.045799952600560995 0.031642170264802622 0.02032785325693862 -0.040985948439565857 -0.05181457689143032 -0.055673878323612841 0.061263745737183052 0.039066406068030302 0.055813821257031083 -0.040747427075489166 0.046802775695318759
leaf_weight=30.5282237008214 285.77734060585499 16.957902617752552 57.33230946958065 11.899229679256676 37.110875360667706 9.0668117925524694 4.1401223912835148 38.851187452673912 217.94276415556669 6.964736081659793 9.7585345730185491 38.133991003036499 9.360357999801634 18.423848032951355
leaf_count=388 887 215 745 150 115 58 38 596 3637 16 38 107 99 47
internal_value=0.000156156 -0.0305971 -0.00630068 0.0133342 0.0243803 -0.0395526 -0.0439169 -0.021893 -0.0489159 -0.0172375 -0.0319639 0.0346704 0.0165101 0.0296392
internal_weight=792.248 506.471 179.861 113.462 96.5045 66.3991 326.609 61.4152 265.194 47.2515 40.2868 84.6052 46.4712 22.564
internal_count=7136 6249 1489 686 471 803 4760 681 4079 442 426 321 214 85
is_linear=0
shrinkage=0.05


Tree=32
num_leaves=15
num_cat=0
split_feature=48 73 38 37 124 6 114 92 61 109 75 124 91 36
split_gain=531.767 58.3223 39.3798 27.4517 17.6327 14.8692 18.3784 24.7646 12.8449 16.8203 12.6142 11.8118 11.3074 15.3604
threshold=0.12674840539693835 244.47453308105472 1.0000000180025095e-35 0.25034883618354803 -0.15954545140266416 34.357757568359382 0.47831371426582342 2.3744998998154192e-06 56.86970520019532 1.9854463934898379 0.048583790659904487 0.20322173833847049 0.05318753048777581 1413.7432861328127
decision_type=10 2 10 10 10 8 2 8 2 2 2 10 10 10
left_child=1 5 3 4 -3 6 10 -8 9 -6 -1 -5 -4 -14
right_child=-2 2 12 11 8 -7 7 -9 -10 -11 -12 -13 13 -15
leaf_value=-0.050435259002232259 0.054123346659946503 -0.038390127009960778 -0.049340807725388534 -0.050366661285842197 -0.044494698565503053 -0.053952211453909049 0.049111615592956133 -0.02930583157595304 0.045521083081061481 0.038879692351170086 0.01444615944140889 0.063386517393166905 -0.052529072525836142 0.049387865323961583
leaf_weight=81.239282391965389 282.96351544559002 9.2441605068743211 50.461271900683641 19.501719240099195 10.280192967504265 182.6713425591588 13.484010137617586 32.075051560997963 51.446806259453297 12.04537810385227 7.8125488124787799 1.709428846836089 5.8328894227743131 7.0588715448975563
leaf_count=1279 919 107 694 282 67 3163 51 312 175 31 59 3 73 25
internal_value=-0.000234507 -0.0320036 -0.00807604 0.0108203 0.0237983 -0.0445764 -0.0315492 -0.00554046 0.0320001 0.000226854 -0.044646 -0.0387581 -0.0388491 0.00281355
internal_weight=767.826 484.863 167.581 104.228 83.0165 317.282 134.611 45.5591 73.7724 22.3256 89.0518 21.2111 63.353 12.8918
internal_count=7240 6321 1457 665 380 4864 1701 363 273 98 1338 285 792 98
is_linear=0
shrinkage=0.05


Tree=33
num_leaves=15
num_cat=0
split_feature=89 73 9 122 91 93 69 10 6 31 75 48 38 30
split_gain=477.545 49.33 37.2196 37.909 24.7097 22.1229 25.059 20.6685 17.0031 15.6235 15.3027 19.4555 18.6608 17.4727
threshold=0.21720667183399203 244.47453308105472 0.62715834379196178 -1336.181945800781 0.043849017471075065 0.0036501199938356881 54.979181289672859 0.010647745802998545 34.357757568359382 109.56320571899415 0.048583790659904487 1.4934499859009522e-06 0.020878758281469349 1341.5593872070315
decision_type=8 2 10 10 10 10 2 10 8 10 2 10 10 10
left_child=1 8 -3 -4 7 6 -2 -5 9 -1 11 13 -13 -11
right_child=5 2 3 4 -6 -7 -8 -9 -10 10 -12 12 -14 -15
leaf_value=-0.055378974394442074 -0.06632126833257683 -0.048789031904377056 -0.051238910265614661 0.017444792217505473 0.057143064789182678 0.054650329892589736 0.033673283591518742 -0.051760681013630572 -0.055279909072804438 -0.04939100119789025 0.025779944907033878 -0.053047917030012076 0.023646090104497683 0.06161046841272938
leaf_weight=41.355449989438057 7.1334656812250605 42.326131496578455 22.177415538579226 46.25909286737442 29.41667303442955 257.89544393122196 26.511225860565901 12.98113267123699 164.27055426687002 4.532367017120122 15.558850839734076 47.360372070223093 8.8866659030318242 9.2220450788736326
leaf_count=723 61 639 313 225 78 866 118 144 3065 64 92 700 61 22
internal_value=5.85775e-05 -0.0325421 -0.00948733 0.00582351 0.0205099 0.0496879 0.0111697 0.00167251 -0.0445947 -0.0304405 -0.017886 -0.0278177 -0.0407294 0.0241647
internal_weight=735.887 444.347 153.16 110.834 88.6569 291.54 33.6447 59.2402 291.186 126.916 85.5603 70.0015 56.247 13.7544
internal_count=7171 6126 1399 760 447 1045 179 369 4727 1662 939 847 761 86
is_linear=0
shrinkage=0.05


Tree=34
num_leaves=15
num_cat=0
split_feature=89 6 115 8 46 124 101 36 100 128 129 65 6 33
split_gain=466.337 35.5558 28.73 34.7465 25.5969 26.4812 23.282 21.1551 20.5692 16.9214 11.651 11.4425 10.9956 10.4627
threshold=0.21720667183399203 34.357757568359382 0.027506905607879165 54.632076263427741 0.0090623050928115862 -1.0000000180025095e-35 0.21347969025373462 1413.7432861328127 0.22763615101575854 -59.376430511474602 -0.12575178593397138 66.15021133422853 34.188301086425788 60.236841201782234
decision_type=8 8 2 10 10 10 10 10 10 10 10 2 10 8
left_child=1 2 -1 9 5 -2 -3 -8 12 -4 -10 13 -5 -7
right_child=4 6 3 8 -6 11 7 -9 10 -11 -12 -13 -14 -15
leaf_value=-0.043339572408643438 -0.080992763515983057 -0.054003523118185959 -0.053542645096424347 -0.056591977955722711 0.054766660900864343 0.030071175107992145 -0.043023522306954366 0.032992329546621804 -0.054731676042573167 0.03017655980739813 0.032552025126835839 0.049972242655222002 0.032427133142987126 -0.066770339779533436
leaf_weight=70.235838159918785 5.778327513486146 191.33001109212637 5.7996838465332976 39.122728019952774 248.01432276517153 5.1445418074727067 19.586463321000338 15.527762588113545 4.044785093516114 58.592508275061846 15.119705524295567 19.143119312822819 3.1600314602255812 4.187734693288804
leaf_count=1102 55 3553 74 636 865 16 285 85 50 231 75 65 9 47
internal_value=-0.000472456 -0.0336871 -0.0179638 -0.00357052 0.049189 0.00839594 -0.0471628 -0.009426 -0.0302192 0.0219326 0.0123296 0.0286674 -0.0493436 -0.0156416
internal_weight=704.788 422.52 196.075 125.839 282.268 34.2537 226.444 35.1142 61.4473 64.3922 19.1645 28.4754 42.2828 9.33228
internal_count=7148 6100 2177 1075 1048 183 3923 370 770 305 125 128 645 63
is_linear=0
shrinkage=0.05


Tree=35
num_leaves=15
num_cat=0
split_feature=108 73 122 17 8 59 127 115 4 31 119 64 2 3
split_gain=448.909 35.7639 28.0996 28.6735 23.7234 22.734 25.94 16.7484 15.0362 16.4843 14.7332 21.2191 16.4659 10.7574
threshold=3.4695249269134372e-05 255.45772552490237 298.85276794433599 0.050314089283347137 54.391719818115241 38.323677062988288 1.0000000180025095e-35 0.027615697123110298 32.658084869384773 109.56320571899415 0.25500218570232397 32.575269699096687 44.334615707397468 10.16434955596924
decision_type=2 2 8 10 10 2 8 2 8 10 2 2 10 8
left_child=5 8 3 4 7 6 -1 -3 9 -2 11 -11 -13 -12
right_child=1 2 -4 -5 -6 -7 -8 -9 -10 10 13 12 -14 -15
leaf_value=0.034810140706896135 -0.054848984152781333 -0.047313170402102339 -0.052230764709827626 0.040083809451821245 -0.04397911064380549 0.053130457939801194 -0.084320947381651995 0.029096051918727335 -0.053433852831517019 -0.052246116490798272 0.058940385118459608 0.027383026936574628 -0.052059854629193762 -0.043367372841853442
leaf_weight=13.34235943853855 39.687353771179914 8.4010773301124555 32.456927593797445 30.945325780659914 37.552064642310143 256.45872800797224 5.7074580676853683 29.635091360658407 160.1174545660615 32.242248244583607 9.1256374157965148 22.383694365620617 8.0542210862040502 2.6342285610735425
leaf_count=48 757 99 519 113 507 944 55 102 3191 530 24 88 127 41
internal_value=-0.000105457 -0.0330375 -0.0122573 0.000293585 -0.0163069 0.0492302 -0.00330774 0.0114398 -0.0434864 -0.0291875 -0.0149605 -0.0246203 0.00537424 0.0344206
internal_weight=688.744 413.235 138.99 106.534 75.5882 275.509 19.0498 38.0362 274.245 114.127 74.44 62.6802 30.4379 11.7599
internal_count=7145 6098 1340 821 708 1047 103 201 4758 1567 810 745 215 65
is_linear=0
shrinkage=0.05


Tree=36
num_leaves=15
num_cat=0
split_feature=89 73 9 116 46 67 91 4 82 31 115 36 8 0
split_gain=407.222 43.8288 30.6884 32.1988 23.4932 27.5086 17.4156 15.8808 15.3704 15.133 12.0074 11.527 10.5549 14.8958
threshold=0.21720667183399203 244.47453308105472 0.62715834379196178 1.3380094766616824 0.0090623050928115862 55.612714767456062 0.033926192671060569 32.658084869384773 0.0010365386260673406 109.56320571899415 0.029268962331116203 1413.7432861328127 62.288898468017585 718.50000000000011
decision_type=8 2 10 2 10 2 10 8 2 10 2 10 10 2
left_child=1 7 -3 -4 5 -2 8 9 10 -1 -5 -8 13 -11
right_child=4 2 3 6 -6 -7 11 -9 -10 12 -12 -13 -14 -15
leaf_value=-0.054298510898122487 -0.061227093187498353 -0.047514770783420729 -0.054785711211025268 -0.033718984608765733 0.053947712961678322 0.037054617696671732 -0.0079814660276333899 -0.054358742664458851 -0.059144471246602839 -0.016038575328155152 0.02679027604727088 0.05617459661095188 -0.049403119392556864 0.050270950952667662
leaf_weight=36.492434833198786 9.1512901782989484 37.511384900659323 17.828595399856567 10.263046879321335 230.09747225418687 22.912931445986032 8.7544598616659624 151.71650308743119 8.7456278726458532 44.374371815472841 29.554837968200445 29.930762894451618 15.610090631991623 9.4177627824246866
leaf_count=729 85 634 290 90 877 97 62 3185 109 464 123 74 274 34
internal_value=4.60007e-05 -0.0316581 -0.00932758 0.00462421 0.0483799 0.00800111 0.0172474 -0.0439342 -0.00277636 -0.0286301 0.01075 0.0418208 -0.0145538 -0.0037237
internal_weight=662.362 400.2 142.589 105.077 262.162 32.0642 87.2487 257.611 48.5635 105.895 39.8179 38.6852 69.4022 53.7921
internal_count=7127 6068 1382 748 1059 182 458 4686 322 1501 213 136 772 498
is_linear=0
shrinkage=0.05


Tree=37
num_leaves=15
num_cat=0
split_feature=89 6 115 8 109 123 33 46 4 43 43 62 122 6
split_gain=378.723 40.6527 32.3707 28.9883 21.7407 21.1836 19.9497 17.808 23.0424 16.5617 16.0152 15.2533 14.4829 11.3943
threshold=0.21720667183399203 34.357757568359382 0.027696240693330768 56.250652313232429 0.022810158319771293 476.45602416992193 1439.4903564453127 0.0090623050928115862 49.445241928100593 0.97227710485458385 0.10620300844311716 82.547912597656264 -444.14540100097651 34.188301086425788
decision_type=8 8 2 10 2 10 10 10 8 8 10 2 8 10
left_child=1 2 6 11 10 12 -1 8 -2 -8 -5 -4 -3 -6
right_child=7 5 3 4 13 -7 9 -9 -10 -11 -12 -13 -14 -15
leaf_value=-0.053444944702168408 -0.051995120697483882 0.037657254489587601 -0.054745590357797781 -0.048404274276994334 -0.053125914591522841 0.027486863719230009 0.055461536880708498 0.053505520015891921 0.040111738703164153 -0.049976055628493415 0.043992844725104285 0.031128424227012202 -0.050511413591712684 0.036809086932364288
leaf_weight=55.445505682379007 8.8719050213694555 4.0897827818989754 4.7247879914939395 5.6962880156934288 35.498463697731495 9.011151332408188 8.17999521642923 222.31871101260185 20.918255560100082 5.3096669986844072 15.042447585612534 62.363941915333271 191.25651253759861 3.1987019404768935
leaf_count=1040 82 19 73 100 608 63 17 887 86 96 62 237 3858 8
internal_value=0.000771323 -0.0294674 -0.013065 0.00200881 -0.023212 -0.0450157 -0.0403648 0.0486537 0.0118833 0.0133754 0.017555 0.0243655 -0.0484831 -0.0449519
internal_weight=651.926 399.817 195.46 126.525 59.4359 204.357 68.9352 252.109 29.7902 13.4897 20.7387 67.0887 195.346 38.6972
internal_count=7236 6181 2241 1088 778 3940 1153 1055 168 113 162 310 3877 616
is_linear=0
shrinkage=0.05


Tree=38
num_leaves=15
num_cat=0
split_feature=89 73 122 91 34 46 65 6 76 31 119 44 32 127
split_gain=341.863 46.5269 31.7806 29.3663 24.295 21.4834 23.895 18.0667 17.9841 16.2324 13.5649 18.6083 17.4677 12.7169
threshold=0.21720667183399203 244.47453308105472 298.85276794433599 0.043310416862368591 247.26355743408206 0.0090623050928115862 55.112583160400398 34.357757568359382 0.010647745802998545 113.77844238281251 0.25500218570232397 0.011981054209172727 32.575269699096687 153.15692901611331
decision_type=8 2 8 10 10 10 2 8 2 10 2 10 10 8
left_child=1 7 3 4 -3 6 -2 9 -6 -1 11 -11 -13 -5
right_child=5 2 -4 13 8 -7 -8 -9 -10 10 -12 12 -14 -15
leaf_value=-0.053909792373729254 -0.053159618548048918 -0.053555994481331463 -0.049700288080002576 0.051694271278514531 0.021683894944418455 0.053141787506548514 0.037809698872081125 -0.053846757710881446 -0.049424933358190926 -0.052037956112113405 0.036240853504323343 -0.043612720296612034 0.024574938507284816 -0.048833242741664937
leaf_weight=35.48776600882411 9.775310695171358 22.202190965414047 30.651356909424067 33.805990695953369 43.453712165355682 210.10697543993592 20.940577976405621 132.9084643535316 10.132293771952389 28.067751713097095 10.919734098017214 13.45307297632098 25.823094319552183 2.6772874072194091
leaf_count=756 88 424 537 107 202 879 88 3070 116 503 59 227 138 30
internal_value=0.000734363 -0.0281929 -0.00543545 0.00698143 -0.0107946 0.0474536 0.00809548 -0.0413042 0.00757917 -0.0263078 -0.0132697 -0.0217106 0.000716008 0.0432112
internal_weight=630.406 389.583 142.923 112.271 75.7882 240.823 30.7159 246.66 53.586 113.751 78.2637 67.3439 39.2762 36.4833
internal_count=7224 6169 1416 879 742 1055 176 4753 318 1683 927 868 365 137
is_linear=0
shrinkage=0.05


Tree=39
num_leaves=15
num_cat=0
split_feature=48 73 34 21 96 124 6 6 42 62 23 5 17 36
split_gain=341.076 45.6114 35.0506 20.7956 18.117 19.14 13.2693 17.1409 12.3482 11.4154 17.7498 11.0868 16.8472 9.74457
threshold=0.12674840539693835 260.99748229980474 247.26355743408206 0.00058079874725081037 0.37716200947761541 -1.0000000180025095e-35 34.357757568359382 34.188301086425788 0.02312215976417065 241.51365661621097 4.5000000000000009 537.74844360351574 0.0018608692334964874 1413.7432861328127
decision_type=10 2 8 8 8 10 8 10 10 2 2 10 10 10
left_child=1 4 13 -4 6 -6 7 9 11 -1 -11 -5 -13 -3
right_child=-2 2 3 8 5 -7 -8 -9 -10 10 -12 12 -14 -15
leaf_value=-0.047452627490362914 0.052001445014498951 -0.048807653421469546 -0.041815583129296667 0.030205874107357752 -0.083824436431543942 0.032255921146312698 -0.054343800425407235 0.048714112803599996 0.057722648719866931 -0.049983956233895767 0.017626518114401021 0.028321262727044934 -0.049941550509240734 0.0068453208140906155
leaf_weight=64.307943988591433 206.99471452832222 39.344736948609352 13.362858705222605 34.578755538910627 3.5493200607597855 15.261167623102663 128.24767223000526 5.6808304637670508 19.02692137286067 16.387600142508745 21.146767418831587 12.359433423727753 13.275608882308005 9.4883810952305776
leaf_count=1263 907 713 196 145 37 70 3107 22 53 299 104 52 123 94
internal_value=0.000134525 -0.0270385 -0.00422519 0.0138404 -0.0396467 0.00722722 -0.0434011 -0.0299688 0.0236302 -0.0347888 -0.0124235 0.0120904 -0.012562 -0.0380738
internal_weight=603.013 396.018 141.437 92.6036 254.581 18.8105 235.771 107.523 79.2407 101.842 37.5344 60.2138 25.635 48.8331
internal_count=7185 6278 1376 569 4902 107 4795 1688 373 1666 403 320 175 807
is_linear=0
shrinkage=0.05


Tree=40
num_leaves=15
num_cat=0
split_feature=95 73 122 17 95 59 36 18 126 4 31 71 75 18
split_gain=324.271 35.1886 24.1367 24.2216 19.5275 18.7023 17.6599 17.4462 16.0943 15.1813 15.4137 14.2104 14.7292 22.8269
threshold=0.096685566008090987 260.99748229980474 298.85276794433599 0.0393130760639906 1.5239000390465664e-06 38.323677062988288 1413.7432861328127 9.538800077280031e-05 28.037946701049808 32.658084869384773 109.56320571899415 62.288898468017585 0.04185073450207711 2.1089999791001905e-06
decision_type=8 2 8 10 10 2 10 10 2 8 10 2 2 10
left_child=1 9 3 4 -3 8 -5 -6 -2 10 -1 12 13 -12
right_child=5 2 -4 6 7 -7 -8 -9 -10 -11 11 -13 -14 -15
leaf_value=-0.053503588317234611 0.024460453137947976 0.022600820224077382 -0.049224912167736327 -0.017815886566298629 -0.053421209316571641 0.051932386414677768 0.055928189216207624 0.01774436313088236 -0.079611902060374218 -0.05196378860684861 0.041348297856049494 -0.053508626826721244 0.043700621774371104 -0.039158616410801934
leaf_weight=32.530654933303595 14.207426659762861 21.6106774546206 26.988054182380438 10.930343441665171 31.440866027027369 202.98220682889223 26.631363395601511 11.161815885454414 3.9158120527863494 131.42915277928114 11.723686527460812 14.77349044382572 13.54022281616926 27.944508891552687
leaf_count=768 63 99 502 94 532 922 75 59 38 3238 55 306 45 417
internal_value=5.3802e-05 -0.0291468 -0.0081001 0.00317797 -0.0154295 0.0476076 0.0345634 -0.0347966 -0.00101325 -0.0407461 -0.0257105 -0.0118281 0.000518234 -0.0149336
internal_weight=581.81 360.705 128.763 101.775 64.2134 221.105 37.5617 42.6027 18.1232 231.942 100.513 67.9819 53.2084 39.6682
internal_count=7213 6190 1361 859 690 1023 169 591 101 4829 1591 823 517 472
is_linear=0
shrinkage=0.05


Tree=41
num_leaves=15
num_cat=0
split_feature=48 73 20 124 42 5 101 6 96 114 92 34 37 128
split_gain=306.715 37.9534 27.5377 26.1593 15.9985 13.7378 17.8726 12.5093 15.3798 15.1772 20.3131 12.3586 10.4028 16.0792
threshold=0.12674840539693835 260.99748229980474 4.4113099647802308e-05 0.50506445765495311 0.014894177205860617 524.08663940429699 0.012971783056855203 34.357757568359382 0.37716200947761541 0.46770304441452032 2.3744998998154192e-06 55.603462219238288 0.044036846607923515 -59.376430511474602
decision_type=10 2 8 8 10 10 10 8 8 2 8 10 10 10
left_child=1 7 -3 4 5 -4 -7 9 -9 -1 -11 -10 -12 -14
right_child=-2 2 3 -5 -6 6 -8 8 11 10 12 -13 13 -15
leaf_value=-0.042539607931221933 0.051471211413822729 -0.05062392654009068 0.028364289541507628 -0.047362905120915434 0.051929570031339925 0.030497830745172184 -0.042518719063771755 -0.053985362681800902 -0.068441410962851598 0.039263944925580045 -0.0536153923952183 0.038747704051863355 -0.054307779911248147 0.037502698922012016
leaf_weight=57.859926175326109 193.36923651024699 25.141956016421318 31.035896200686693 17.685256134718657 23.732934024184942 12.153517827391623 22.491255506873131 116.76736851036549 2.8326838947832575 16.379339020699263 16.875771794468164 8.0630401745438558 7.0107434727251556 10.784435097128151
leaf_count=1214 926 494 138 325 77 51 272 3088 34 90 260 35 105 61
internal_value=0.000620647 -0.0261074 -0.0046008 0.0065717 0.0176454 0.00466419 -0.0167672 -0.0380593 -0.048723 -0.0252298 -0.00517063 0.00746972 -0.0266748 0.000367245
internal_weight=562.183 368.814 132.241 107.099 89.4136 65.6807 34.6448 236.573 127.663 108.91 51.0503 10.8957 34.671 17.7952
internal_count=7170 6244 1357 863 538 461 323 4887 3157 1730 516 69 426 166
is_linear=0
shrinkage=0.05


Tree=42
num_leaves=15
num_cat=0
split_feature=52 73 127 124 17 8 67 123 18 115 4 117 2 115
split_gain=285.213 32.7122 29.3077 20.9732 19.1692 18.6705 17.5659 28.7692 16.4979 11.4358 10.9492 14.5675 11.3022 14.6231
threshold=1.0500000119209292 244.47453308105472 38.329046249389656 -0.26599924266338343 0.040793437510728843 62.869352340698249 55.430170059204109 -1.0000000180025095e-35 0.39509320259094244 0.029268962331116203 32.658084869384773 15.250000000000002 44.173831939697273 0.027696240693330768
decision_type=8 2 8 10 8 10 2 10 10 2 8 2 10 2
left_child=6 10 3 -3 5 9 7 8 -1 -5 11 -2 13 -13
right_child=1 2 -4 4 -6 -7 -8 -9 -10 -11 -12 12 -14 -15
leaf_value=-0.087699172525362468 -0.052813046638111698 -0.052516848619016114 -0.052063574618785385 -0.023085790142203608 0.044085597313513913 -0.049512708831015807 0.052791309431251369 0.048554898739940101 0.040216301089110763 0.031072083286116645 -0.050328594384966785 -0.025880267017999538 -0.042634326214641985 0.03323964986959152
leaf_weight=7.687202952802183 32.885575242340565 13.002582114189861 28.56915770471096 13.711596999317406 31.334930632263422 15.299205675721167 173.99362679943442 17.112185165286064 2.8664949834346771 28.410514809191227 117.91687002405524 19.888022981584072 18.38720940053463 19.966600496321917
leaf_count=88 732 263 534 120 112 290 856 77 13 104 3144 356 385 70
internal_value=-2.8919e-05 -0.0279896 -0.00824001 0.00445054 0.0132883 -0.00398486 0.046932 0.00952599 -0.0524823 0.0133161 -0.0402046 -0.0267003 -0.0113134 0.00382661
internal_weight=541.032 339.372 130.328 101.759 88.7562 57.4213 201.66 27.6659 10.5537 42.1221 209.044 91.1274 58.2418 39.8546
internal_count=7144 6110 1423 889 626 514 1034 178 101 224 4687 1543 811 426
is_linear=0
shrinkage=0.05


Tree=43
num_leaves=15
num_cat=0
split_feature=46 101 6 61 127 115 8 128 135 33 43 123 103 133
split_gain=262.953 31.8315 35.1562 22.321 21.3519 18.9324 21.5041 14.7745 13.4636 13.0098 14.0253 10.546 10.0507 9.72719
threshold=0.16695995628833774 0.33073039352893835 34.357757568359382 52.826889038085945 34.62660217285157 0.027506905607879165 56.250652313232429 17.194714546203617 5.0000000000000009 1439.4903564453127 0.97277668118476879 192.15570068359378 6.5000000000000009 0.99140444397926342
decision_type=10 8 8 2 8 2 10 8 2 10 10 8 2 2
left_child=1 2 5 -3 -5 9 7 13 12 -1 -11 -6 -8 -7
right_child=-2 3 -4 4 11 6 8 -9 -10 10 -12 -13 -14 -15
leaf_value=-0.050979898101660259 0.05171084909811844 -0.054034167849764086 -0.048040803609629014 0.0497660591333286 0.018242834779763434 0.037679418555076317 -0.027416313537399418 -0.040002047210382308 -0.049219692005859648 0.052940386490617011 -0.050303288400209062 -0.061107341151524885 0.044119499269365953 -0.028611865982479674
leaf_weight=40.373150784522295 166.88590959459543 9.8569233156740648 146.70863151922822 29.764939736574888 7.7134651169180888 43.128608420491219 9.4675656184554118 8.0928139351308328 25.985036592930555 6.5720456093549711 4.8364087902009487 7.3289951793849433 8.2762186601757985 5.5848899297416201
leaf_count=940 873 116 3775 115 60 161 170 87 531 15 105 107 30 49
internal_value=0.000158458 -0.0242434 -0.0306417 0.0106783 0.0257829 -0.0136791 -0.000938709 0.0192125 -0.0269606 -0.0379284 0.00864543 -0.0218174 0.00652377 0.0296566
internal_weight=520.576 353.69 299.025 54.6643 44.8074 152.317 100.535 56.8063 43.7288 51.7816 11.4085 15.0425 17.7438 48.7135
internal_count=7134 6261 5863 398 282 2088 1028 297 731 1060 120 167 200 210
is_linear=0
shrinkage=0.05


Tree=44
num_leaves=15
num_cat=0
split_feature=46 73 124 25 108 31 22 95 69 114 2 114 68 52
split_gain=247.905 33.383 23.8607 24.7215 21.9991 17.5399 23.3951 12.7923 12.8858 20.4499 11.8873 11.6989 11.0499 10.9333
threshold=0.16695995628833774 244.47453308105472 -0.040575288236141198 4049.640747070313 1.9969975352287295 230.08767700195315 0.025217849761247638 1.4934499859009522e-06 45.661996841430671 0.47068931162357336 53.414258956909187 0.46970170736312872 745.12121582031261 1.8284313678741457
decision_type=10 2 10 10 2 8 8 10 2 2 10 2 2 8
left_child=1 5 -3 10 -5 7 -7 8 -1 -10 -4 -6 13 -12
right_child=-2 2 3 4 11 6 -8 -9 9 -11 12 -13 -14 -15
leaf_value=-0.080751265863267543 0.051561883515754775 -0.037926084703224859 -0.036203997211928234 -0.054401900447418272 -0.049468099693601331 -0.051663122740033499 0.013048971747666239 -0.050895765306037816 -0.048417136103504205 0.046884372299665501 0.037091288223836213 0.047059133060713521 0.04818238852637019 -0.053473530076130732
leaf_weight=4.3593257926404503 159.02784503623843 35.874084301292896 5.4674024619162074 21.214719235897064 3.3145710974931708 21.718965049833059 35.482606042176485 130.20078977942467 8.9295842684805411 12.016285024583338 5.9792340733110878 11.300674874335526 41.777709554880857 5.3965773619711408
leaf_count=43 870 638 43 416 39 581 275 3661 244 60 36 39 154 84
internal_value=0.00014918 -0.023766 -0.00379044 0.00943637 -0.0228916 -0.03593 -0.0119872 -0.0446043 -0.0115291 0.00590081 0.0292482 0.0234018 0.0365249 -0.00672108
internal_weight=502.06 343.033 130.325 94.4509 35.83 212.708 57.2016 155.506 25.3052 20.9459 58.6209 14.6152 53.1535 11.3758
internal_count=7183 6313 1449 811 494 4864 856 4008 347 304 317 78 274 120
is_linear=0
shrinkage=0.05


Tree=45
num_leaves=15
num_cat=0
split_feature=44 95 22 62 35 73 114 128 97 127 46 18 124 124
split_gain=230.55 30.0635 32.8512 30.8737 24.4866 20.0936 18.3076 20.1922 15.7779 13.312 9.85078 8.36715 7.76926 7.40091
threshold=0.19723790138959887 1.5039000231809043e-06 0.025217849761247638 230.01042938232425 1359.8242187500002 518.31402587890636 0.46672651171684271 -1330.0451660156248 1.9184999473509383e-06 41.939849853515632 0.0059461377095431098 0.72039407491683971 0.20322173833847049 -0.01099478220567107
decision_type=10 10 10 2 10 2 2 10 10 8 10 10 10 10
left_child=1 6 -3 5 -5 11 8 -8 -1 -6 12 -4 -2 -9
right_child=10 2 3 4 9 -7 7 13 -10 -11 -12 -13 -14 -15
leaf_value=0.039732881983720686 -0.048755177666270917 -0.050485922735808889 -0.054421698942587776 -0.03450795342591137 0.035481512415292987 0.033219961279005464 -0.044800035864842352 -0.032701239866730174 -0.050920700958656799 -0.038263329931123559 0.051279546444283432 0.035201417807926391 0.05821680459770482 0.04518518562495679
leaf_weight=5.5493138507008579 4.003317914903163 120.72666455432773 53.567551288753748 23.449439713731408 45.471292374655604 7.5021794587373725 7.9325094930827609 2.6262610480189315 18.451040552929044 6.2106457203626624 156.66056084819138 2.0809686407446852 1.6030363440513609 35.086315229535103
leaf_count=17 63 3273 1521 357 246 31 77 31 431 94 883 7 2 150
internal_value=0.000363793 -0.0237018 -0.0315181 -0.0147147 0.00695204 -0.0401985 0.00540119 0.0238355 -0.0292091 0.0260615 0.0489528 -0.050508 -0.0139861 0.0390567
internal_weight=490.921 328.654 259.009 138.282 75.1314 63.1507 69.6454 45.6451 24.0004 51.6819 162.267 55.6485 5.60635 37.7126
internal_count=7183 6235 5529 2256 697 1559 706 258 448 340 948 1528 65 181
is_linear=0
shrinkage=0.05


Tree=46
num_leaves=15
num_cat=0
split_feature=48 25 2 78 77 124 48 114 62 123 129 21 21 129
split_gain=218.543 29.9943 28.1616 35.4218 29.6547 24.1182 23.132 27.4657 18.5157 9.55631 9.4534 8.61395 7.29729 5.75873
threshold=0.12674840539693835 4049.640747070313 55.451335906982429 0.13360107690095904 0.018148879520595077 0.50506445765495311 1.6130999824781613e-06 0.47068931162357336 296.25933837890631 6.9634592533111581 -0.36952808499336237 0.0078652305528521555 0.00058079874725081037 0.0065240883268415937
decision_type=10 10 8 2 2 8 8 2 2 8 10 10 8 8
left_child=1 2 4 5 8 10 7 -3 -1 13 -4 -10 -12 -9
right_child=-2 6 3 -5 -6 -7 -8 9 11 -11 12 -13 -14 -15
leaf_value=-0.050427053152557522 0.049874169383796935 -0.047771431771570977 -0.015772530834614645 -0.044475869673769847 0.048658269985950457 -0.043285426611692032 -0.053068067392883771 0.049858399502754856 -0.046370935177239087 -0.038732885458254041 -0.01276178683246932 0.037544510228963712 0.050652541043934435 -0.02699983117058475
leaf_weight=64.340463519096375 152.43333421461284 23.38592903316021 6.6450054217129937 21.654607906937599 9.9803552329540235 9.6331696677952987 97.933895040303469 17.866834180429578 3.3497228492051354 3.7863400187343386 4.5793398655951014 9.603025767952202 50.88276469707489 2.1573174782097366
leaf_count=1466 908 556 77 507 40 183 2997 58 52 54 42 44 212 27
internal_value=0.000649626 -0.0224635 -0.00878464 0.0102587 -0.029049 0.0271644 -0.0393152 -0.0102687 -0.0395761 0.0270061 0.0386044 0.014075 0.0452833 0.0406876
internal_weight=478.232 325.799 180.668 93.3949 87.2736 71.7403 145.13 47.1964 77.2932 23.8105 62.1071 12.9527 55.4621 20.0242
internal_count=7223 6315 2623 1021 1602 514 3692 695 1562 139 331 96 254 85
is_linear=0
shrinkage=0.05


Tree=47
num_leaves=15
num_cat=0
split_feature=49 73 45 43 127 123 76 6 93 117 118 114 92 62
split_gain=211.767 31.6809 22.9629 15.5443 13.5695 13.4437 9.87259 9.46034 15.0166 13.8475 9.34339 8.92382 13.8712 11.1632
threshold=0.20789377391338351 260.99748229980474 0.043481415137648589 0.87156644463539135 18.649422645568851 67.288635253906264 0.010647745802998545 34.357757568359382 0.29085370898246771 15.250000000000002 0.1566765978932381 0.47068931162357336 2.3744998998154192e-06 292.27099609375006
decision_type=10 2 8 10 8 8 2 8 8 2 2 2 8 2
left_child=1 7 3 -3 -4 6 10 9 -9 -1 -5 13 -13 -11
right_child=-2 2 4 5 -6 -7 -8 8 -10 11 -12 12 -14 -15
leaf_value=-0.048799841187115924 0.048857220283970541 -0.051911455605866255 0.044191191559908923 0.030055763205221592 -0.011484477549426733 -0.053630827063575581 -0.043113427259149691 -0.052749585515726442 0.011878913383802031 -0.047691739441041825 -0.056414973434337046 0.049363374541774425 -0.016168709946027215 0.024900083558926183
leaf_weight=34.29118444211781 148.34729598462582 24.6219522356987 29.375179070979357 29.159906867891554 16.56783152744174 9.5077551044523698 6.2332196384668341 91.151236813515425 9.5938292108476144 20.180804437026385 2.5602095834910861 11.874523200094698 20.777130976319313 6.3584323171526185
leaf_count=849 940 665 136 119 168 197 78 3125 59 540 35 47 252 58
internal_value=-0.00013731 -0.0234956 -0.00301844 -0.0205223 0.0242967 -0.00350299 0.010109 -0.0358598 -0.0465388 -0.0239803 0.0215656 -0.00902964 0.00842222 -0.0300271
internal_weight=460.6 312.253 118.026 72.083 45.943 47.4611 37.9533 194.227 100.745 93.4821 31.7201 59.1909 32.6517 26.5392
internal_count=7268 6328 1398 1094 304 429 232 4930 3184 1746 154 897 299 598
is_linear=0
shrinkage=0.05


Tree=48
num_leaves=15
num_cat=0
split_feature=46 85 25 36 65 112 43 48 52 114 6 137 101 128
split_gain=209.471 24.4649 17.0558 20.1961 14.8521 18.239 22.5912 14.495 13.8712 13.0798 8.89948 7.98907 7.27015 9.83854
threshold=0.16695995628833774 0.0029052400495857005 4049.640747070313 1420.8262939453127 55.112583160400398 171.50000000000003 0.96435630321502697 1.5029499991214836e-06 9.7249999046325701 0.46032980084419256 32.28930854797364 89.115234375000014 0.31085473299026495 -1.0000000180025095e-35
decision_type=10 2 10 10 2 2 8 10 8 2 10 2 10 10
left_child=1 2 3 4 5 12 10 9 -5 -4 -7 -6 -1 -14
right_child=-2 -3 7 8 11 6 -8 -9 -10 -11 -12 -13 13 -15
leaf_value=-0.057777728356673719 0.050385991764082205 0.032224797669710842 -0.045378622369937435 0.041523756431194776 0.038771652294230761 -0.048278979652933006 -0.051768279764474713 -0.050981631614602202 -0.047905679929393354 0.020470082843337248 0.025176474329972606 -0.047776451524733671 -0.057634405129093014 0.025182525575291007
leaf_weight=49.246994748711586 132.42549632303417 16.796821694821119 12.995004048570992 20.042578497901562 11.864115692675112 3.8249744493514291 18.537619361653924 98.975705904886127 4.5690969582647076 15.46124875359237 29.570912966504693 2.458579819649457 5.6905308291316032 6.8514279052615148
leaf_count=1312 865 119 326 101 62 57 555 3177 113 91 196 25 100 47
internal_value=-0.00168253 -0.0249988 -0.0285329 -0.0170851 -0.0250472 -0.0310815 -0.00896797 -0.042007 0.0236992 -0.0101205 0.0156043 0.0217667 -0.0492291 -0.0138744
internal_weight=429.311 296.886 280.089 152.657 128.045 113.722 51.9335 127.432 24.6117 28.4563 33.3959 14.3227 61.789 12.542
internal_count=7146 6281 6162 2568 2354 2267 808 3594 214 417 253 87 1459 147
is_linear=0
shrinkage=0.05


Tree=49
num_leaves=15
num_cat=0
split_feature=48 73 124 45 48 31 61 124 114 8 127 61 36 47
split_gain=189.408 28.9709 19.5216 18.1633 13.5006 15.7757 17.3102 15.2381 13.0264 12.412 11.8714 11.5345 10.1916 11.1777
threshold=0.12674840539693835 260.99748229980474 0.50506445765495311 0.035752145573496825 1.4934499859009522e-06 243.13334655761722 44.173831939697273 -0.0061884175520390263 0.47068931162357336 62.869352340698249 34.62660217285157 45.383306503295906 1413.3459472656252 0.33344298601150518
decision_type=10 2 8 8 10 10 2 10 2 8 8 2 10 8
left_child=1 4 3 9 7 -6 -7 -1 -9 11 -10 -3 13 -5
right_child=-2 2 -4 12 5 6 -8 8 10 -11 -12 -13 -14 -15
leaf_value=-0.062580734757972253 0.049552513553839002 -0.045881495577192136 -0.047320121641350195 -0.051713226941376325 -0.051531345780445506 0.012584340945231854 -0.052235103835242797 -0.045973442327537611 0.050530028517638215 -0.046401088018520539 -0.035785939702939244 0.019609437394186604 0.051541444926096386 0.027947924633713369
leaf_weight=8.1024728808552009 132.2976590488106 7.7800165843218556 19.042674185708165 5.517759574577215 104.77328132651746 24.12460071593523 16.595860639587045 6.3656195718795088 16.133944068104029 17.030385050922632 4.4043379463255432 27.780688785016537 24.186638779938221 12.581966083496807
leaf_count=163 895 103 474 97 3731 171 505 206 55 433 55 140 73 66
internal_value=7.70068e-05 -0.0222473 -0.00246109 0.00694212 -0.0346527 -0.0413232 -0.014452 -0.00655114 0.0119609 -0.0125972 0.0312179 0.00441821 0.0309726 0.00222691
internal_weight=426.718 294.42 113.92 94.8775 180.5 145.494 40.7205 35.0064 26.9039 52.5911 20.5383 35.5607 42.2864 18.0997
internal_count=7167 6272 1386 912 4886 4407 676 479 316 676 110 243 236 163
is_linear=0
shrinkage=0.05


Tree=50
num_leaves=15
num_cat=0
split_feature=44 73 30 114 72 103 48 124 62 34 6 52 120 129
split_gain=176.32 29.4124 21.2497 16.8675 17.1675 17.6056 10.7048 14.035 12.6204 17.8075 11.5619 8.08651 7.79409 7.49646
threshold=0.19723790138959887 260.99748229980474 983.44934082031261 0.45992562174797064 1409.474548339844 3.5000000000000004 1.4744999816684869e-06 -0.0061884175520390263 259.74577331542974 1359.0176391601565 32.658084869384773 1.9761904478073122 -14.499999999999998 -0.10328823700547217
decision_type=10 2 8 2 2 2 10 10 2 10 8 10 2 10
left_child=1 6 -3 4 -4 -6 7 -1 -8 -10 -11 -2 -9 -5
right_child=11 2 3 13 5 -7 8 12 9 10 -12 -13 -14 -15
leaf_value=-0.066482673535065318 0.049243315828503359 -0.040737787127980644 -0.062394332390056519 -0.036525218426471245 -0.051299326842220883 0.036222325307196004 -0.049219257280130296 -0.0296043297258472 -0.050883459246703816 0.038965314241936624 -0.045930830739218498 -0.038756673562805558 0.032710897993288635 0.036130769976069614
leaf_weight=6.2774040494114187 130.87030282244086 25.421025399118662 11.484401708468793 3.0696987416595212 7.3746184054762152 17.413984552025795 106.1564259622246 6.4183117803186223 16.623766617849469 14.786712430417539 4.4536120556294909 1.9670093581080426 14.944278754293915 42.815614564344287
leaf_count=119 921 671 201 45 157 84 3838 103 453 47 131 40 115 193
internal_value=0.000503855 -0.0221809 -0.00168964 0.010737 -0.0145298 0.00920504 -0.0350881 -0.00635069 -0.0405975 -0.0144345 0.0180158 0.0476604 0.0135019 0.0305948
internal_weight=410.077 277.24 107.579 82.1583 36.273 24.7886 169.661 27.64 142.021 35.8641 19.2403 132.837 21.3626 45.8853
internal_count=7118 6157 1351 680 442 241 4806 337 4469 631 178 961 218 238
is_linear=0
shrinkage=0.05


Tree=51
num_leaves=15
num_cat=0
split_feature=52 6 61 123 62 9 47 129 115 32 122 120 82 127
split_gain=163.4 35.0742 17.9345 17.9986 16.4787 12.4471 12.2403 10.9603 10.9871 16.4463 8.41691 7.83705 7.32598 9.12071
threshold=1.0500000119209292 34.357757568359382 55.288377761840827 1.0000000180025095e-35 91.849716186523452 0.66501650214195263 0.31372407078742987 -0.36952808499336237 0.027506905607879165 62.832298278808601 -14.050100803375242 -4.4999999999999991 0.0010772998211905362 -44.666765213012688
decision_type=8 8 2 8 2 10 10 10 2 10 8 2 2 10
left_child=2 4 3 11 -2 -6 -3 -7 9 -9 -8 -1 -10 -14
right_child=1 6 -4 -5 5 7 10 8 12 -11 -12 -13 13 -15
leaf_value=-0.044556932851169448 -0.046917608007529421 -0.04853127773441613 0.050456947043531965 -0.077346055256553567 -0.048790380092572631 -0.051123000344023263 0.034924797890568855 -0.041002536990570472 0.026383857210516011 0.038748868971258045 -0.032989245842681598 0.045817589416843919 0.04084068036396768 -0.05660779090467704
leaf_weight=2.1827669609338054 19.600402174517512 105.79860883578658 122.89827770553529 4.7777280118316439 10.16789843328297 6.6759018320590249 7.4195813592523336 19.034860428422693 65.97775805182755 8.6252109464257938 8.9618283752352017 10.405733346939083 2.9587048664689064 5.3925159443169814
leaf_count=25 646 3741 892 64 311 160 37 505 422 49 183 63 7 84
internal_value=0.00045378 -0.0229463 0.043786 -0.00359985 -0.00563277 0.00151149 -0.042358 0.00662028 0.0108597 -0.0156494 -0.00198954 0.0280214 0.0208013 -0.0214079
internal_weight=400.878 260.613 140.265 17.3662 138.433 118.833 122.18 108.665 101.989 27.6601 16.3814 12.5885 74.329 8.35122
internal_count=7189 6145 1044 152 2184 1538 3961 1227 1067 554 220 88 513 91
is_linear=0
shrinkage=0.05


end of trees

feature_importances:
Column_73=35
Column_6=30
Column_31=28
Column_124=26
Column_52=25
Column_114=24
Column_48=23
Column_8=19
Column_115=19
Column_32=17
Column_34=17
Column_108=17
Column_4=16
Column_89=15
Column_101=15
Column_46=14
Column_128=14
Column_122=13
Column_127=13
Column_38=12
Column_123=12
Column_2=11
Column_30=10
Column_33=10
Column_47=10
Column_62=10
Column_119=10
Column_129=10
Column_36=9
Column_85=9
Column_49=8
Column_59=8
Column_61=8
Column_5=7
Column_43=7
Column_91=7
Column_103=7
Column_137=7
Column_16=6
Column_17=6
Column_35=6
Column_45=6
Column_116=6
Column_9=5
Column_37=5
Column_39=5
Column_64=5
Column_95=5
Column_117=5
Column_18=4
Column_22=4
Column_42=4
Column_44=4
Column_65=4
Column_67=4
Column_94=4
Column_20=3
Column_21=3
Column_25=3
Column_54=3
Column_71=3
Column_75=3
Column_78=3
Column_82=3
Column_88=3
Column_92=3
Column_93=3
Column_96=3
Column_97=3
Column_99=3
Column_100=3
Column_109=3
Column_3=2
Column_7=2
Column_23=2
Column_50=2
Column_55=2
Column_66=2
Column_69=2
Column_76=2
Column_77=2
Column_120=2
Column_126=2
Column_0=1
Column_1=1
Column_10=1
Column_12=1
Column_19=1
Column_24=1
Column_51=1
Column_68=1
Column_70=1
Column_72=1
Column_74=1
Column_86=1
Column_98=1
Column_112=1
Column_118=1
Column_132=1
Column_133=1
Column_135=1

parameters:
[boosting: gbdt]
[objective: binary]
[metric: binary_logloss]
[tree_learner: serial]
[device_type: cpu]
[data_sample_strategy: bagging]
[data: ]
[valid: ]
[num_iterations: 52]
[learning_rate: 0.05]
[num_leaves: 15]
[num_threads: 4]
[seed: 26006]
[deterministic: 1]
[force_col_wise: 0]
[force_row_wise: 1]
[histogram_pool_size: -1]
[max_depth: -1]
[min_data_in_leaf: 10]
[min_sum_hessian_in_leaf: 0.001]
[bagging_fraction: 0.8]
[pos_bagging_fraction: 1]
[neg_bagging_fraction: 1]
[bagging_freq: 1]
[bagging_seed: 19736]
[bagging_by_query: 0]
[feature_fraction: 0.8]
[feature_fraction_bynode: 1]
[feature_fraction_seed: 22478]
[extra_trees: 0]
[extra_seed: 25246]
[early_stopping_round: 0]
[early_stopping_min_delta: 0]
[first_metric_only: 0]
[max_delta_step: 0]
[lambda_l1: 0]
[lambda_l2: 1]
[linear_lambda: 0]
[min_gain_to_split: 0]
[drop_rate: 0.1]
[max_drop: 50]
[skip_drop: 0.5]
[xgboost_dart_mode: 0]
[uniform_drop: 0]
[drop_seed: 12177]
[top_rate: 0.2]
[other_rate: 0.1]
[min_data_per_group: 100]
[max_cat_threshold: 32]
[cat_l2: 10]
[cat_smooth: 10]
[max_cat_to_onehot: 4]
[top_k: 20]
[monotone_constraints: ]
[monotone_constraints_method: basic]
[monotone_penalty: 0]
[feature_contri: ]
[forcedsplits_filename: ]
[refit_decay_rate: 0.9]
[cegb_tradeoff: 1]
[cegb_penalty_split: 0]
[cegb_penalty_feature_lazy: ]
[cegb_penalty_feature_coupled: ]
[path_smooth: 0]
[interaction_constraints: ]
[verbosity: -1]
[saved_feature_importance_type: 0]
[use_quantized_grad: 0]
[num_grad_quant_bins: 4]
[quant_train_renew_leaf: 0]
[stochastic_rounding: 1]
[linear_tree: 0]
[max_bin: 255]
[max_bin_by_feature: ]
[min_data_in_bin: 3]
[bin_construct_sample_cnt: 200000]
[data_random_seed: 19427]
[is_enable_sparse: 1]
[enable_bundle: 1]
[use_missing: 1]
[zero_as_missing: 0]
[feature_pre_filter: 1]
[pre_partition: 0]
[two_round: 0]
[header: 0]
[label_column: ]
[weight_column: ]
[group_column: ]
[ignore_column: ]
[categorical_feature: ]
[forcedbins_filename: ]
[precise_float_parser: 0]
[parser_config_file: ]
[objective_seed: 10829]
[num_class: 1]
[is_unbalance: 0]
[scale_pos_weight: 1]
[sigmoid: 1]
[boost_from_average: 1]
[reg_sqrt: 0]
[alpha: 0.9]
[fair_c: 1]
[poisson_max_delta_step: 0.7]
[tweedie_variance_power: 1.5]
[lambdarank_truncation_level: 30]
[lambdarank_norm: 1]
[label_gain: ]
[lambdarank_position_bias_regularization: 0]
[eval_at: ]
[multi_error_top_k: 1]
[auc_mu_weights: ]
[num_machines: 1]
[local_listen_port: 12400]
[time_out: 120]
[machine_list_filename: ]
[machines: ]
[gpu_platform_id: -1]
[gpu_device_id: -1]
[gpu_device_id_list: ]
[gpu_use_dp: 0]
[num_gpu: 1]

end of parameters

pandas_categorical:null
