tree
version=v4
num_class=1
num_tree_per_iteration=1
label_index=0
max_feature_idx=137
objective=cross_entropy
feature_names=Column_0 Column_1 Column_2 Column_3 Column_4 Column_5 Column_6 Column_7 Column_8 Column_9 Column_10 Column_11 Column_12 Column_13 Column_14 Column_15 Column_16 Column_17 Column_18 Column_19 Column_20 Column_21 Column_22 Column_23 Column_24 Column_25 Column_26 Column_27 Column_28 Column_29 Column_30 Column_31 Column_32 Column_33 Column_34 Column_35 Column_36 Column_37 Column_38 Column_39 Column_40 Column_41 Column_42 Column_43 Column_44 Column_45 Column_46 Column_47 Column_48 Column_49 Column_50 Column_51 Column_52 Column_53 Column_54 Column_55 Column_56 Column_57 Column_58 Column_59 Column_60 Column_61 Column_62 Column_63 Column_64 Column_65 Column_66 Column_67 Column_68 Column_69 Column_70 Column_71 Column_72 Column_73 Column_74 Column_75 Column_76 Column_77 Column_78 Column_79 Column_80 Column_81 Column_82 Column_83 Column_84 Column_85 Column_86 Column_87 Column_88 Column_89 Column_90 Column_91 Column_92 Column_93 Column_94 Column_95 Column_96 Column_97 Column_98 Column_99 Column_100 Column_101 Column_102 Column_103 Column_104 Column_105 Column_106 Column_107 Column_108 Column_109 Column_110 Column_111 Column_112 Column_113 Column_114 Column_115 Column_116 Column_117 Column_118 Column_119 Column_120 Column_121 Column_122 Column_123 Column_124 Column_125 Column_126 Column_127 Column_128 Column_129 Column_130 Column_131 Column_132 Column_133 Column_134 Column_135 Column_136 Column_137
feature_infos=[0:79973] [0:107387464] [6.9524784088134766:1434.8333740234375] [0:696] [-1.203703761100769:1434.8333740234375] [6.9524784088134766:1443.69189453125] [6.9524784088134766:1443.69189453125] [6.9524784088134766:1443.69189453125] [6.9524784088134766:1443.69189453125] [0:1] [0:1] [0:1] [0:1] [0:1] [0:1] [0:1] [2.193200089095626e-05:1.9037708044052124] [0:0.99571478366851807] [0:1.9037708044052124] [2.193200089095626e-05:1.9915750026702881] [1.362500029244984e-06:1.9037708044052124] [1.8729999737843173e-06:1.9037708044052124] [2.0840000161115313e-06:1.9037708044052124] [0:27] [1:79973] [6.9524784088134766:107387464] [0:1.9999972581863403] [6.9524784088134766:107387464] [0:74896] [0:106034368] [6.9524784088134766:1442.8333740234375] [0:696] [-13.565573692321777:1442.8333740234375] [6.9524784088134766:1443.69189453125] [2.3641510009765625:1443.69189453125] [6.9524784088134766:1443.69189453125] [6.9524784088134766:1443.69189453125] [0:1] [0:1] [0:1] [0:1] [0:1] [0:1] [0:1] [2.2110000372776994e-06:1.9917522668838501] [0:0.93804830312728882] [0:1.9917522668838501] [2.3439999949914636e-06:1.9917522668838501] [1.6999990748445271e-08:1.9917522668838501] [1.623000002837216e-06:1.9917522668838501] [2.3439999949914636e-06:1.9917522668838501] [0:24] [1:74896] [6.9524784088134766:106034368] [0:1.9999806880950928] [6.9524784088134766:106034368] [1:79973] [0:25306] [6.9524784088134766:107387464] [0:14382488] [6.9524784088134766:1442.8333740234375] [6.9524784088134766:1430.1473388671875] [0:696] [0:696] [2.4344263076782227:1442.8333740234375] [-13.565573692321777:1430.1473388671875] [6.9524784088134766:1443.69189453125] [2.3641510009765625:1430.1473388671875] [6.9524784088134766:1443.69189453125] [6.9524784088134766:1430.1473388671875] [6.9524784088134766:1443.69189453125] [6.9524784088134766:1430.1473388671875] [6.9524784088134766:1443.69189453125] [6.9524784088134766:1442.8333740234375] [0:1] [0:1] [0:1] [0:1] [0:1] [0:1] [0:1] [0:1] [0:1] [0:1] [0:1] [0:1] [0:1] [0:1] [1.6063799193943851e-05:1.9917522668838501] [2.2110000372776994e-06:1.9037708044052124] [0:0.99571478366851807] [0:0.83213174343109131] [9.999965300266922e-10:1.9917522668838501] [0:1.9037708044052124] [1.4629999895987567e-06:1.9917522668838501] [1.6999990748445271e-08:1.9037708044052124] [1.9540000266715651e-06:1.9917522668838501] [1.623000002837216e-06:1.9037708044052124] [2.1193000065977685e-05:1.9917522668838501] [2.0840000161115313e-06:1.9037708044052124] [2.5266999728046358e-05:1.9917522668838501] [2.3439999949914636e-06:1.9915750026702881] [1:27] [0:21] [1:79973] [1:25306] [6.9524784088134766:107387464] [6.9524784088134766:7191244] [0:1.9999972581863403] [0:1.9998902082443237] [6.9524784088134766:107387464] [6.9524784088134766:14252031] [1:99122] [13.904956817626953:107755440] [0:1] [0:1] [0:1.9999974966049194] [0.5:100] [0.004999999888241291:0.81610339879989624] [0.0007995598716661334:0.62212282419204712] [-87137:87016] [-94248824:98197832] [-1392:1384] [-1392:1384] [-0.79955452680587769:0.80254775285720825] [-87016:92121] [-98197832:103789264] [-1384:1392] [-1384:1392] [-0.80254775285720825:0.79955452680587769] [0:1] [0:1] [0:1] [0:1] [0:1] [4:6] [0:1] [35.5:97.5]
tree_sizes=1691 1733 1720 1724 1715 1721 1724 1726 1737 1737 1727 1735 1737 1740 1732 1750 1740 1739 1729 1736 1735 1730 1750 1743 1745 1755 1729 1746 1745 1739 1743 1743 1754 1755 1753 1750 1748 1743 1736 1737 1739 1746 1739 1740 1736 1731 1752

Tree=0
num_leaves=15
num_cat=0
split_feature=128 42 48 115 123 36 0 120 36 113 2 28 2 35
split_gain=793.744 610.979 261.615 252.443 240.214 252.783 282.496 117.947 109.357 176.96 107.987 134.065 77.7169 74.1972
threshold=195.46988677978518 0.0057143324520438918 1.8556999634711249e-06 0.25570654869079595 272.75819396972662 1239.144470214844 154.50000000000003 5.5000000000000009 1397.3392333984377 264720.28125000006 132.94239044189456 550.50000000000011 192.40985107421878 1423.0373535156252
decision_type=8 10 10 2 8 10 2 2 10 2 10 2 8 10
left_child=4 2 10 -3 13 -6 7 -7 -4 12 11 -2 -10 -1
right_child=1 3 8 -5 5 6 -8 -9 9 -11 -12 -13 -14 -15
leaf_value=-2.3856009406089993 -1.9931700723627397 -1.8757410636528931 -2.3655478324232613 -2.3494133580280763 -2.3893814480038005 -2.3478482107824106 -2.345027588222858 -1.9654322999611491 -2.0388667755391205 -2.3731016611565643 -2.3741958377569028 -2.3786823144411984 -2.3751352096539664 -2.3016669361659767
leaf_weight=374.71819286048412 12.346299037337305 14.911763772368433 43.933583587408066 3.3671724647283545 21.405596382915974 2.3249524161219624 11.945445172488688 12.346299037337301 8.8187850266695023 10.823054350912569 2.9663185998797408 2.4852939620614043 1.8439277783036239 27.578745901584625
leaf_count=4674 154 186 548 42 267 29 149 154 110 135 37 31 23 344
internal_value=-2.33859 -2.21298 -2.27263 -1.95898 -2.36712 -2.26248 -2.16231 -2.02269 -2.32018 -2.23039 -2.10819 -2.05616 -2.09508 -2.37977
internal_weight=551.815 101.496 83.2173 18.2789 450.319 48.0223 26.6167 14.6713 65.4194 21.4858 17.7979 14.8316 10.6627 402.297
internal_count=6883 1266 1038 228 5617 599 332 183 816 268 222 185 133 5018
is_linear=0
shrinkage=1


Tree=1
num_leaves=15
num_cat=0
split_feature=129 42 123 48 36 56 31 77 46 35 61 120 119 56
split_gain=592.532 417.587 214.617 178.348 177.64 169.474 120.789 102.004 94.8539 92.8736 166.89 75.6107 67.9914 55.4901
threshold=-0.10013736411929129 0.0053990154992789039 272.75819396972662 1.8556999634711249e-06 1239.144470214844 568.50000000000011 157.49310302734378 4.7973411710700027e-05 3.2250500225927688e-05 1423.0373535156252 40.255344390869148 1.0000000180025095e-35 0.12884767353534701 636.00000000000011
decision_type=10 10 8 10 8 2 10 2 10 10 2 2 2 2
left_child=1 3 9 13 -4 11 -5 -8 -3 -2 12 -6 -11 -1
right_child=2 8 4 6 5 -7 7 -9 -10 10 -12 -13 -14 -15
leaf_value=0.22522501341727572 -0.044245858692975398 0.32678857173776332 -0.046319084344625512 -0.030760225077797149 0.004110927039936158 -0.048848035037311451 0.22053140270435478 0.0011569168849623114 -0.020697624401701625 0.059317330661925939 -0.015584252388501672 0.23809648272338008 0.3988057977737629 -0.036596362063275927
leaf_weight=14.841737277805807 369.99144597351551 20.035117819905285 20.711647681891918 45.080391928553581 4.141426824033263 8.7212862074375135 9.8600367754697817 10.368679128587244 2.0392252877354613 2.9966506883502033 24.219415493309498 20.886194951832294 2.9774421751499176 2.0262577012181273
leaf_count=147 4781 178 269 571 49 109 106 129 24 36 292 206 36 26
internal_value=4.66066e-05 0.106973 -0.0246528 0.053475 0.0676451 0.136905 0.0149405 0.113437 0.295182 -0.0373508 0.0458516 0.201023 0.261439 0.193486
internal_weight=558.897 104.251 454.646 82.1771 54.4606 33.7489 65.3091 20.2287 22.0743 400.185 30.1935 25.0276 5.97409 16.868
internal_count=6959 1181 5778 979 633 364 806 235 202 5145 364 255 72 173
is_linear=0
shrinkage=0.05


Tree=2
num_leaves=15
num_cat=0
split_feature=128 2 112 49 123 43 67 56 36 2 134 30 120 46
split_gain=559.732 306.677 399.672 202.536 151.016 130.311 115.034 113.595 63.5301 105.319 55.5463 51.5881 46.6572 45.2576
threshold=41.723075866699226 122.6922073364258 1087.0000000000002 0.00023658424470340836 368.28375244140631 0.1132478639483452 28.254610061645511 568.50000000000011 1422.6373291015627 40.221147537231452 0.061868688091635711 266.89469909667974 -903.49999999999989 2.7531500563782178e-05
decision_type=8 8 2 10 8 8 2 2 10 10 2 10 2 8
left_child=4 2 3 6 8 -6 -2 13 -1 10 -10 -5 -8 -7
right_child=1 -3 -4 11 5 7 12 -9 9 -11 -12 -13 -14 -15
leaf_value=-0.046778046277026086 -0.043084217626115827 -0.03049674987579637 -0.050541745361659535 -0.02221019416300624 -0.047296600230991387 0.2140661375031804 0.032199194842164776 -0.04062787816006827 -0.03472595102928959 -0.021623757455075422 0.27620979089791653 0.11668319206767751 0.27290822801285602 -0.035779327484880989
leaf_weight=334.80727761983871 3.0347825288772574 41.967283315956593 23.706972174346447 8.9309751540422457 17.031122319400311 16.736539661884315 2.4062392339110366 6.9264313131570807 1.6752189695835138 23.006633408367634 4.4238179102540016 22.60821707546711 44.556990049779415 1.7261971086263646
leaf_count=4495 29 530 303 116 230 141 21 90 19 283 42 236 358 18
internal_value=8.2651e-05 0.0832846 0.128516 0.180559 -0.0301913 0.0581389 0.242533 0.127977 -0.0406188 0.0294329 0.197944 0.0778788 0.261504 0.190068
internal_weight=553.545 147.211 105.244 81.5372 406.333 42.4203 49.998 25.3892 363.913 29.1057 6.09904 31.5392 46.9632 18.4627
internal_count=6911 1593 1063 760 5318 479 408 249 4839 344 61 352 379 159
is_linear=0
shrinkage=0.05


Tree=3
num_leaves=15
num_cat=0
split_feature=128 31 11 123 48 112 5 27 35 8 37 119 8 115
split_gain=515.718 253.734 161.55 135.293 114.638 130.129 80.8502 63.3558 63.0544 85.0745 67.5661 60.7825 60.1847 58.6756
threshold=195.46988677978518 147.66813659667972 0.0035057640634477143 272.75819396972662 5.9728748965426355e-05 332.50000000000006 45.582815170288093 3467.157104492188 1413.9710083007815 51.232297897338874 0.023483456112444404 0.14721725881099704 153.84907531738284 0.33283120393753057
decision_type=8 8 10 8 8 2 8 10 10 10 8 2 10 2
left_child=3 6 7 8 5 -5 -2 12 -1 11 -11 -10 -3 -4
right_child=1 2 13 4 -6 -7 -8 -9 9 10 -12 -13 -14 -15
leaf_value=-0.047735119934095044 0.13363228728915449 0.15864841057804391 0.23968063402764708 0.16653984823722981 -0.051738653256722146 -0.029275015822774027 -0.023856470557091197 -0.008927337994758814 0.027229729715584489 -0.048921655266744267 0.19143785224501361 0.22887064753720227 -0.043958881731139807 -0.0039211617725832182
leaf_weight=315.35580014437437 8.8876166269183141 18.608889646828178 32.7350257858634 22.615070782601833 19.393972851336002 12.830658532679079 45.373896040022373 14.903090566396711 9.9970595166087133 34.696588963270187 2.202528551220893 5.2904467284679404 4.0471154674887648 2.6329554840922347
leaf_count=4389 72 137 222 167 265 156 569 171 124 457 28 45 51 33
internal_value=-0.00179656 0.0860721 0.14634 -0.0283965 0.0442839 0.0968003 0.00389036 0.0712434 -0.0393317 0.0113919 -0.0299018 0.106778 0.122128 0.221937
internal_weight=549.571 127.189 72.9271 422.382 54.8397 35.4457 54.2615 37.5591 367.542 52.1866 36.8991 15.2875 22.656 35.368
internal_count=6886 1255 614 5631 588 323 641 359 5043 654 485 169 188 255
is_linear=0
shrinkage=0.05


Tree=4
num_leaves=15
num_cat=0
split_feature=128 2 56 17 36 49 73 30 137 2 122 43 28 30
split_gain=437.567 193.954 244.075 110.727 110.722 96.8204 52.3884 51.988 51.3065 45.8972 42.345 42.2286 51.5557 35.4375
threshold=41.723075866699226 122.6922073364258 568.50000000000011 0.055038018152117736 1410.6363525390627 0.00023658424470340836 109.64814758300783 1424.5075683593752 58.090019226074226 40.905710220336921 -872.81011962890614 0.19281046092510226 570.50000000000011 266.89469909667974
decision_type=8 8 2 10 10 10 2 10 2 8 10 10 2 10
left_child=3 2 5 7 -5 6 -2 10 -6 -9 11 -1 -13 -7
right_child=1 -3 -4 4 8 13 -8 9 -10 -11 -12 12 -14 -15
leaf_value=-0.045480850206456418 0.10148878256964006 -0.024236613127227767 -0.047877073763100346 -0.014221601956989703 0.2187385227884974 -0.021005193627048543 0.20632894563068335 0.16184857953927878 -0.024710416083602551 -0.037456603094081421 -0.046029345598205096 0.15480102284880545 -0.037557735573813693 0.093248477552101944
leaf_weight=11.817705027759077 21.520534053444862 41.640590451657772 22.043515786528587 20.78678946942091 9.6203100904822332 8.5962464734911901 40.228484593331814 5.1126046255230877 2.4803088977932921 4.8956385627388963 320.8720328360796 7.7877022027969343 5.2317789867520332 26.370292127132416
leaf_count=172 153 543 296 269 78 114 237 38 30 59 4589 56 72 234
internal_value=-0.001037 0.068192 0.100532 -0.0297135 0.0568715 0.134501 0.17199 -0.0378556 0.170761 0.06981 -0.0411648 0.0210291 0.0803378 0.0653571
internal_weight=549.005 160.4 118.759 388.605 32.8874 96.7156 61.749 355.717 12.1006 10.0082 345.709 24.8372 13.0195 34.9665
internal_count=6940 1577 1034 5363 377 738 390 4986 108 97 4889 300 128 348
is_linear=0
shrinkage=0.05


Tree=5
num_leaves=15
num_cat=0
split_feature=128 7 112 49 124 43 57 35 7 60 6 114 11 4
split_gain=416.063 178.796 200.034 117.026 115.639 92.0178 69.1167 63.453 76.4951 46.4558 42.156 71.8037 41.8092 35.9679
threshold=41.723075866699226 122.74896621704103 1087.0000000000002 0.00022198149963514882 -0.50330355763435353 0.1132478639483452 138.50000000000003 1416.1473388671877 42.858585357666023 265.39595031738287 30.858586311340336 0.48009900748729711 0.004587252391502262 28.371794700622562
decision_type=8 8 2 10 10 10 2 10 10 2 8 2 10 10
left_child=4 2 3 13 5 -1 -7 -6 10 -5 11 -9 -11 -2
right_child=1 -3 -4 9 7 6 -8 8 -10 12 -12 -13 -14 -15
leaf_value=-0.045046872795237419 0.031768517302966919 -0.038982087091445357 -0.049836050919786427 -0.030946303986107884 -0.04498562179303852 0.17015419937378509 -0.016002269130372768 -0.049162838062942554 -0.041141141692743528 0.031627627392126739 0.19836812613896956 0.18669944392145804 0.14712659665366123 0.16655965305205098
leaf_weight=13.615577064454554 5.9226834028959265 32.072568640112877 20.763299830257893 12.002180971205233 299.34261786937714 15.816381901502611 6.8587526753544799 8.1316601261496562 21.193517975509167 19.147459037601948 5.6220441311597815 4.0462809652090064 13.176237568259237 65.496853478252888
leaf_count=205 39 436 290 162 4474 94 83 101 281 179 48 25 100 375
internal_value=0.00129032 0.0662946 0.0911329 0.116631 -0.0280601 0.0557038 0.115548 -0.0371825 0.022347 0.051197 0.0961066 0.0374261 0.0817112 0.155975
internal_weight=543.208 168.581 136.509 115.745 374.627 36.2907 22.6751 338.336 38.9935 44.3259 17.8 12.1779 32.3237 71.4195
internal_count=6892 1581 1145 855 5311 382 177 4929 455 441 174 126 279 414
is_linear=0
shrinkage=0.05


Tree=6
num_leaves=15
num_cat=0
split_feature=128 7 112 36 57 49 6 34 114 124 43 112 11 67
split_gain=333.019 138.432 159.096 95.8683 102.235 80.7774 76.2326 59.7904 53.6695 52.4172 59.2102 43.442 41.9547 36.6839
threshold=56.974357604980476 122.74896621704103 1087.0000000000002 1413.9710083007815 101.50000000000001 0.00018391050252830612 31.743314743041996 1429.262634277344 0.48389825224876409 0.20322173833847049 0.093841642141342177 149.50000000000003 0.004587252391502262 28.254610061645511
decision_type=8 8 2 10 2 10 10 8 2 8 10 2 10 2
left_child=3 2 5 9 6 13 -5 -8 -6 -1 -11 -12 -7 -2
right_child=1 -3 -4 4 8 12 7 -9 -10 10 11 -13 -14 -15
leaf_value=-0.045635860863308383 -0.031407565511179562 -0.037168906175930425 -0.047131766649907272 -0.01878070125438723 -0.040510259737239082 0.012095713787960172 0.21982085668185003 -0.039947603625171919 0.10830069723187917 -0.040582536708533637 0.16525392523298818 -0.0046524828677654883 0.11014678219745855 0.14514221445976569
leaf_weight=272.05157514661551 2.7419079691171637 30.147051900625229 20.17037034034729 7.0282170996069935 36.33124777674675 28.578512422740459 11.991501532495018 2.3355002254247674 6.2503828704357138 16.773532636463646 7.9036266580224019 6.4224110245704651 16.937560319900513 65.125219330191612
leaf_count=4215 20 420 293 82 516 294 85 23 57 262 46 60 131 338
internal_value=-0.000456255 0.0586402 0.0803827 -0.0268977 0.0284077 0.103281 0.115042 0.177631 -0.0166831 -0.038617 0.022291 0.0937507 0.0501663 0.137657
internal_weight=530.789 163.701 133.554 367.088 63.9368 113.383 21.3552 14.327 42.5816 303.151 31.0996 14.326 45.5161 67.8671
internal_count=6842 1496 1076 5346 763 783 190 108 573 4583 368 106 425 358
is_linear=0
shrinkage=0.05


Tree=7
num_leaves=15
num_cat=0
split_feature=128 2 28 36 1 20 67 39 124 43 78 122 59 28
split_gain=349.19 132.89 136.02 87.3515 83.197 62.1928 57.9534 57.942 47.6896 42.1038 38.0839 53.0224 37.3333 35.7737
threshold=41.723075866699226 122.6922073364258 926.50000000000011 1413.9710083007815 39163.234375000007 0.0004175960057182238 28.254610061645511 0.12528026849031451 0.20322173833847049 0.093841642141342177 0.0021074838005006318 -7.5894250869750968 1029.7619628906252 66.500000000000014
decision_type=8 8 2 10 2 10 2 10 8 10 2 10 2 2
left_child=3 2 6 8 5 -5 -2 10 -1 -10 11 -8 -13 -7
right_child=1 -3 -4 4 -6 13 7 -9 9 -11 -12 12 -14 -15
leaf_value=-0.046239814081985874 -0.039018184814026857 -0.023519204419876382 -0.048590755604270786 0.14641910739326039 -0.051219318589429554 0.090867569783057558 0.12753883486179071 -0.016550794143275444 -0.038051571097597991 0.076716703031556963 0.14451249110514597 0.10494513758436413 -0.021278364815972135 -0.026772439950378597
leaf_weight=264.54291078075767 6.8244638442993155 39.678567573428154 17.560860801488161 14.61033809930086 21.994412284344435 9.4900659397244471 27.697319813072678 8.6813461408019048 15.123522449284794 14.956081651151178 57.262925907969475 8.203875765204435 15.404968611896036 15.999335736036299
leaf_count=4275 66 549 267 107 332 83 160 88 245 108 289 54 143 212
internal_value=0.000575727 0.0568931 0.0794272 -0.0281287 0.0254538 0.0677314 0.0977898 0.106015 -0.0394695 0.0196454 0.115877 0.0817658 0.0250654 0.0188035
internal_weight=538.031 181.314 141.636 356.717 62.0942 40.0997 124.075 117.25 294.623 30.0796 108.569 51.3062 23.6088 25.4894
internal_count=6978 1616 1067 5362 734 402 800 734 4628 353 646 357 197 295
is_linear=0
shrinkage=0.05


Tree=8
num_leaves=15
num_cat=0
split_feature=128 7 28 49 80 43 11 30 67 8 11 39 40 124
split_gain=308.053 121.3 129.171 90.5138 85.408 56.3953 38.9331 36.4983 30.5257 30.4349 34.2551 38.415 26.0491 24.4549
threshold=20.397190093994144 122.74896621704103 732.00000000000011 0.0002564085007179529 0.0033519720891490583 0.093841642141342177 0.0035057640634477143 1424.5075683593752 28.254610061645511 46.665632247924812 0.004587252391502262 0.095811817795038237 0.0027865021256729965 0.20322173833847049
decision_type=8 8 2 10 2 10 10 10 2 10 10 10 10 8
left_child=4 2 3 8 7 -6 12 13 -2 -5 -11 -12 -7 -1
right_child=1 -3 -4 9 5 6 -8 -9 -10 10 11 -13 -14 -15
leaf_value=-0.046926392196391352 -0.032528124746212195 -0.039492383504553086 -0.047086801407227041 0.11472025850371792 -0.046550812340179271 0.10109366957745235 0.14056511059847474 0.044203341329514756 0.11760247607827151 -0.023338083632396985 0.12515817676568641 -0.02272260928731866 -0.019715177707557305 0.014686754377126649
leaf_weight=260.52962959557772 3.1177591383457175 31.771229848265648 21.276807874441147 7.6347580403089514 13.582159414887427 5.95325735211373 11.705603830516337 11.710797190666197 89.864397414028645 26.779915757477283 9.751110181212427 6.9740800745785227 11.753905266523359 16.718349322676659
leaf_count=4314 28 473 336 66 230 46 94 101 460 317 60 76 146 219
internal_value=-0.000332927 0.0490257 0.0661642 0.0830927 -0.0297096 0.0354277 0.0735694 -0.0394903 0.112276 0.0288963 0.0115957 0.0656917 0.0241343 -0.0431716
internal_weight=529.124 197.17 165.399 144.122 331.954 42.9949 29.4128 288.959 92.9822 51.1399 43.5051 16.7252 17.7072 277.248
internal_count=6966 1816 1343 1007 5150 516 286 4634 488 519 453 136 192 4533
is_linear=0
shrinkage=0.05


Tree=9
num_leaves=15
num_cat=0
split_feature=128 48 28 36 1 94 116 7 5 123 123 48 77 123
split_gain=269.149 108.963 127.137 69.4498 66.6566 68.3232 65.2921 39.8789 43.0226 32.848 28.6865 28.5529 33.1396 28.2032
threshold=19.735747337341312 4.0295299186254858e-05 732.00000000000011 1413.9710083007815 35898.867187500007 0.00039876460505183792 1.9246904253959658 132.99542236328128 106.33900833129884 801.60604858398449 317.13504028320318 5.9728748965426355e-05 4.7973411710700027e-05 -224.16825866699216
decision_type=8 10 2 10 2 10 2 8 10 8 10 8 2 8
left_child=3 2 6 9 5 -5 7 8 -2 -1 -8 12 -11 -3
right_child=1 13 -4 4 -6 -7 10 -9 -10 11 -12 -13 -14 -15
leaf_value=-0.046174515969292493 0.060732948231543106 0.082855341314054837 -0.046804045707782974 0.13992402177784932 -0.050298126054417115 0.0057965738490994801 0.0027862926665756273 -0.041473498295580447 0.13587043828364173 0.11803058682382764 0.10716999856604457 -0.049092600847509993 -0.014082060889449771 -0.038984820080144367
leaf_weight=229.6946690864861 31.295069582760334 4.4540514051914215 21.295835290104151 14.47747343033552 21.356097768992186 24.798080042004585 29.847825702279806 3.9897750094532958 60.892469882965088 7.9758974611759248 7.4645694717764846 11.453418161720036 9.6748748831450921 38.326942913234234
leaf_count=4040 182 45 350 89 345 292 319 58 277 45 40 187 92 539
internal_value=-0.000254138 0.0454865 0.0649184 -0.0285982 0.0193203 0.0574843 0.0829572 0.10459 0.111289 -0.0398558 0.0259211 0.00989017 0.0487436 -0.0246969
internal_weight=516.997 197.567 154.786 319.431 60.6317 39.2756 133.49 96.1773 92.1875 258.799 37.3124 29.1042 17.6508 42.781
internal_count=6900 1810 1226 5090 726 381 876 517 459 4364 359 324 137 584
is_linear=0
shrinkage=0.05


Tree=10
num_leaves=15
num_cat=0
split_feature=31 117 8 28 115 46 67 124 115 28 113 4 66 93
split_gain=241.043 133.842 121.476 79.8965 52.3615 38.8242 33.4113 31.4834 44.9581 40.7471 28.2131 24.9452 26.5646 31.8308
threshold=199.32614898681643 7.7500000000000009 46.665632247924812 767.00000000000011 0.21053910255432132 1.507500030584197e-06 28.254610061645511 0.20322173833847049 0.46334472298622137 767.00000000000011 109779.26562500001 36.914140701293952 1411.8029785156252 0.00068056400050409149
decision_type=8 2 8 2 2 8 2 8 2 2 2 10 2 8
left_child=2 3 5 4 -2 -1 -7 -4 9 -9 -3 12 13 -8
right_child=1 10 7 -5 -6 6 11 8 -10 -11 -12 -13 -14 -15
leaf_value=-0.039990288837898673 0.10610836538620885 0.030008628178576836 -0.047201705844396875 -0.046826902501672603 0.014104431030894796 -0.046931818526428276 -0.0097147985661056417 0.1227930552517844 -0.04535267306001714 -0.044349973099531377 -0.037242425513561571 0.0099147507540093983 0.13901472087321562 0.12068473070854779
leaf_weight=12.960444845259188 89.764272507280111 24.21133017539978 225.81056413799524 11.150969780981539 19.044838633388281 6.4405840449035159 10.653005406260492 9.7688983231782895 18.953959006816149 4.8752759397029868 40.098575066775084 13.203175280243157 15.125165611505507 7.1613530032336703
leaf_count=204 497 264 3924 191 204 99 120 56 314 82 623 146 93 48
internal_value=0.000721664 0.0462596 -0.0251641 0.0772534 0.09028 0.0352658 0.0542147 -0.0405095 0.00453239 0.0678705 -0.011852 0.0690287 0.0917332 0.046334
internal_weight=509.222 184.27 324.952 119.96 108.809 65.5437 52.5833 259.409 33.5981 14.6442 64.3099 46.1427 32.9395 17.8144
internal_count=6865 1779 5086 892 701 710 506 4376 452 138 887 407 261 168
is_linear=0
shrinkage=0.05


Tree=11
num_leaves=15
num_cat=0
split_feature=128 7 28 31 116 49 35 7 60 29 48 37 120 134
split_gain=207.414 92.1981 86.0139 72.5234 72.088 55.1469 39.7512 31.949 31.5216 30.2142 18.3337 17.8407 17.2443 17.1661
threshold=17.912630081176761 122.74896621704103 732.00000000000011 231.15592193603518 1.9027161598205569 0.0001077410015568603 1416.1473388671877 42.858585357666023 315.93519592285162 89698.281250000015 5.9728748965426355e-05 0.004650265909731389 -1488.4999999999998 0.17324561998248103
decision_type=8 8 2 10 2 10 10 10 2 2 10 10 2 2
left_child=3 2 5 6 10 12 -1 11 -7 13 -5 -8 -2 -10
right_child=1 -3 -4 4 -6 8 7 -9 9 -11 -12 -13 -14 -15
leaf_value=-0.046881099217699236 -0.016033111946344738 -0.040211117072019187 -0.045781116575571178 0.11113293281216602 -0.017909038133867905 -0.031386211150433677 0.011383493425090201 -0.039354509250994985 0.13418401314633485 0.01010777686101891 -0.026235795912724225 0.11007930171987104 0.098365957805203158 0.049420483249387769
leaf_weight=210.05135124176741 3.1665036380290976 30.362721428275108 18.671861097216606 18.503025315701965 39.306827396154404 14.604938086122273 10.720958944410087 15.861050564795731 10.443729992955925 25.608797091990709 2.3870385549962512 7.3493242785334578 78.017107456922531 16.747574504464865
leaf_count=3932 20 492 331 123 622 195 104 244 60 243 34 46 349 123
internal_value=-0.000820913 0.0389476 0.0534708 -0.0267012 0.0221696 0.0661656 -0.0388001 0.0111348 0.032042 0.0498441 0.0949548 0.0551913 0.0937631 0.0855817
internal_weight=501.803 197.623 167.261 304.18 60.1969 148.589 243.983 33.9313 67.405 52.8001 20.8901 18.0703 81.1836 27.1913
internal_count=6918 1813 1321 5105 779 990 4326 394 621 426 157 150 369 183
is_linear=0
shrinkage=0.05


Tree=12
num_leaves=15
num_cat=0
split_feature=128 42 36 1 2 28 20 11 123 39 49 124 48 113
split_gain=204.413 79.7412 66.212 56.5867 52.5167 52.4096 45.2474 35.9189 35.8624 30.5384 27.8326 26.3152 24.6648 30.0899
threshold=21.849958419799808 0.0029386569513008003 1413.9710083007815 39163.234375000007 111.46192932128908 732.00000000000011 0.0004175960057182238 0.0029027820564806466 272.75819396972662 0.22310206294059756 0.00023658424470340836 -0.02826384641230106 5.1577899284893654e-05 113990.14062500001
decision_type=8 10 10 2 8 2 10 10 8 10 10 10 8 2
left_child=2 4 8 6 5 7 -4 10 -1 -9 -2 -8 13 -10
right_child=1 -3 3 -5 -6 -7 11 9 12 -11 -12 -13 -14 -15
leaf_value=-0.045539312340768329 0.055657764224361896 0.087995538468810225 0.1107964909933886 -0.049527619974699864 -0.034660462923949219 -0.04666427926377497 0.082278322024290404 0.11808202618959512 0.094761556813768674 -0.033532283844159766 -0.011299873804784822 -0.02603420510939854 -0.045524353432506201 -0.0194371169977701
leaf_weight=203.05831810086966 38.319826398044825 58.845570772886276 17.734880849719048 19.023633014410734 33.873470377177 15.490508951246737 7.071533806622031 23.378750842064623 11.177631586790087 3.3998776748776427 25.161527171730995 17.417687240988016 11.877669855952261 10.419137965887783
leaf_count=4003 206 313 105 344 538 295 57 113 56 39 264 237 215 116
internal_value=0.000469849 0.0396646 -0.0256986 0.0203808 0.0188143 0.0361073 0.0522945 0.0506683 -0.037666 0.0983185 0.0293547 0.00724316 0.0100297 0.0412456
internal_weight=496.25 198.47 297.78 61.2477 139.624 105.75 42.2241 90.26 236.533 26.7786 63.4814 24.4892 33.4744 21.5968
internal_count=6901 1768 5133 743 1455 917 399 622 4390 152 470 294 387 172
is_linear=0
shrinkage=0.05


Tree=13
num_leaves=15
num_cat=0
split_feature=123 48 112 41 1 45 36 7 33 30 137 114 121 80
split_gain=173.349 88.2524 94.972 78.6894 42.7367 36.8044 39.7357 26.7059 24.6999 23.2601 22.9568 22.1468 15.1761 14.8816
threshold=63.592885971069343 5.9728748965426355e-05 1087.0000000000002 0.0032137127127498393 12177.541992187502 0.040092237293720252 1412.0000000000002 158.81378173828128 1429.262634277344 1424.5075683593752 58.256685256958015 0.4847050160169602 -24854.333007812496 0.0034542417852208023
decision_type=8 10 2 10 2 8 10 10 8 10 2 2 2 2
left_child=3 2 7 5 -5 9 12 -2 10 13 -8 -11 -7 -1
right_child=1 -3 -4 4 -6 6 8 -9 -10 11 -12 -13 -14 -15
leaf_value=-0.046884919019399174 0.079056190371897692 -0.04133091755123839 -0.047499803222152852 0.088847656070256284 -0.030493893383919186 0.028453528106824208 0.13594021181868968 -0.018661545456995159 -0.043239409934830664 -0.040204311709777729 -0.036330396692207015 0.092060517628636138 -0.037353527407266121 -0.00064360796335639133
leaf_weight=206.28176829218864 110.64985018596053 26.848657876253128 18.236011374741793 21.830910790711641 10.558114320039747 11.276601113379 9.4267215169966168 7.0933658070862284 2.9629948362708101 5.2756047770380956 1.9263369664549834 5.5785073488950729 30.655953299254179 19.024165220558643
leaf_count=3933 570 455 331 174 197 116 67 110 27 67 26 29 538 285
internal_value=-0.00160551 0.0403525 0.0566646 -0.0226992 0.0501968 -0.0309172 0.0053554 0.0730617 0.0744146 -0.0395428 0.106135 0.0298052 -0.019406 -0.0430005
internal_weight=487.626 162.828 135.979 324.798 32.389 292.409 56.2486 117.743 14.3161 236.16 11.3531 10.8541 41.9326 225.306
internal_count=6925 1466 1011 5459 371 5088 774 680 120 4314 93 96 654 4218
is_linear=0
shrinkage=0.05


Tree=14
num_leaves=15
num_cat=0
split_feature=128 2 56 80 116 67 94 35 69 124 35 35 30 125
split_gain=173.519 67.6083 73.2618 58.4041 38.5712 39.1881 37.9793 37.7087 29.2476 25.5311 20.5743 20.5218 25.3261 19.9876
threshold=16.00293064117432 122.6922073364258 754.50000000000011 0.0033519720891490583 1.9246904253959658 28.254610061645511 0.0023904202971607451 1423.0373535156252 42.858585357666023 0.20322173833847049 1358.6656494140627 276.06686401367193 45.280498504638679 -408.49999999999994
decision_type=8 8 2 2 2 2 8 10 2 8 10 10 10 2
left_child=3 2 4 7 5 -2 13 9 -9 -1 -11 12 -7 -5
right_child=1 -3 -4 6 -6 11 -8 8 -10 10 -12 -13 -14 -15
leaf_value=-0.047440216240373805 -0.038643109233289702 -0.02501916132814698 -0.047227369997847483 -0.023306036048351915 0.016041883579589925 0.072229466292553099 -0.045157657609805966 0.065820971420261595 -0.03571732140356873 -0.033638886515756063 0.074608890516427967 0.093212195304232678 -0.036795301749114877 0.075824749665639748
leaf_weight=193.50960233807564 6.6517077684402457 37.917486555874348 17.238180223852396 5.8346217386424568 38.822516344487667 15.056961804628374 11.983892094343899 14.556425604969265 12.161041863262652 8.4752636477351171 7.2675222158431998 82.991381481289864 7.218563947826623 24.7985212020576
leaf_count=4055 66 611 346 58 353 67 218 102 201 162 57 380 87 231
internal_value=6.06704e-05 0.0347735 0.0483385 -0.0256273 0.0595062 0.0743076 0.0277542 -0.0353447 0.0199824 -0.0424703 0.0178043 0.0817414 0.0368362 0.0568037
internal_weight=484.484 205.897 167.979 278.587 150.741 111.919 42.617 235.97 26.7175 209.252 15.7428 105.267 22.2755 30.6331
internal_count=6994 1910 1299 5084 953 600 507 4577 303 4274 219 534 154 289
is_linear=0
shrinkage=0.05


Tree=15
num_leaves=15
num_cat=0
split_feature=48 78 122 112 25 30 1 116 65 114 34 124 39 78
split_gain=160.933 182.809 75.3974 54.6497 52.1401 31.5912 26.9234 25.9741 23.5938 21.6172 38.3708 18.418 17.0615 23.6661
threshold=5.9728748965426355e-05 0.0071771978400647649 -5.1543450355529776 1240.0000000000002 16332.238281250002 266.89469909667974 1017.9439392089845 1.9572412967681887 28.371794700622562 0.48389825224876409 1413.9710083007815 0.10013736411929132 0.0068729333579540261 0.021818470209836963
decision_type=10 2 10 2 10 10 2 2 2 2 10 10 10 2
left_child=1 2 3 7 5 -3 -4 8 -1 -8 -11 -2 -7 -14
right_child=11 4 6 -5 -6 12 9 -9 -10 10 -12 -13 13 -15
leaf_value=-0.033490337758041958 -0.04785823473268877 -0.040678375342484606 0.03729137052838713 -0.044637702950227891 -0.014226139276433609 0.12212426695494277 -0.044903236326027988 -0.00095118142359026817 0.082798123681206814 -0.032048876731148125 0.11273211830836367 0.031231391516180509 0.0073085640128059933 0.089388619769984939
leaf_weight=4.3113486543297759 138.17279387637973 4.1274645179510108 13.075265761464832 17.65492295846343 14.623287558555601 33.333440437912941 106.68591319397092 16.589063677936792 42.482489440590143 14.52961613237858 5.4997950419783583 7.1125581339001647 11.177310854196547 43.472524382174015
leaf_count=32 2859 64 117 349 219 163 1993 201 234 257 25 102 94 218
internal_value=-0.000175871 0.0192471 -0.00677364 0.0313629 0.072646 0.0864423 -0.0289475 0.052897 0.0716073 -0.0360209 0.0111762 -0.0437993 0.0927959 0.0730341
internal_weight=472.848 327.562 220.828 81.0378 106.734 92.1107 139.791 63.3829 46.7938 126.715 20.0294 145.285 87.9833 54.6498
internal_count=6927 3966 3208 816 758 539 2392 467 266 2275 282 2961 475 312
is_linear=0
shrinkage=0.05


Tree=16
num_leaves=15
num_cat=0
split_feature=31 116 8 115 125 57 46 129 4 124 36 5 42 4
split_gain=135.377 95.5146 79.5451 47.1501 37.2258 36.4514 27.3819 27.304 22.9436 21.7743 18.1267 17.7087 16.7112 16.6839
threshold=175.69337463378909 1.9221646785736086 44.748447418212898 0.21053910255432132 38.500000000000007 178.50000000000003 1.6134999896166848e-06 -0.013794671744108198 28.371794700622562 0.20322173833847049 315.37170410156256 101.8327980041504 0.0013413822744041683 36.914140701293952
decision_type=8 2 8 2 2 2 8 10 10 10 10 10 10 10
left_child=2 3 6 5 -3 11 -1 -6 -8 -4 -11 -2 -9 -10
right_child=1 4 9 -5 7 -7 8 12 13 10 -12 -13 -14 -15
leaf_value=-0.040407538991302866 0.018590973241725647 -0.036597336535889542 -0.042288580879559862 -0.0077046516498260557 0.075503358569538326 -0.03276557605245374 -0.045996792873951954 -0.033908335836933284 0.076559131130982519 -0.031162756098045981 0.14198580953121026 0.091410826385745991 0.077000251744643977 0.0035808765805465355
leaf_weight=11.218378845602272 10.024876497685907 52.306531239300966 200.09148557111621 21.289888381958008 15.930055089294909 6.8306238241493693 5.4228264130651942 15.480136875063183 28.936745379120111 2.4037770591676226 2.0690915137529373 75.725636199116707 3.2944077327847472 10.743666950613258
leaf_count=197 71 890 4170 238 126 109 92 266 200 48 14 332 38 121
internal_value=-0.0015988 0.0291728 -0.0253138 0.0591116 -0.0102344 0.0743947 0.0269504 0.0294117 0.0442172 -0.0397646 0.060242 0.0832101 -0.0115372 0.0573737
internal_weight=461.768 200.882 260.886 113.871 87.0111 92.5811 56.3216 34.7046 45.1032 204.564 4.47287 85.7505 18.7745 39.6804
internal_count=6912 2070 4842 750 1320 512 610 430 413 4232 62 403 304 321
is_linear=0
shrinkage=0.05


Tree=17
num_leaves=15
num_cat=0
split_feature=31 8 116 115 125 124 36 2 46 6 28 80 4 137
split_gain=134.716 81.4222 81.2071 43.248 28.1026 25.9427 32.9462 25.5934 24.4116 23.1969 19.8637 19.7908 18.0741 12.5501
threshold=199.32614898681643 46.665632247924812 1.9308502674102785 0.21053910255432132 50.500000000000007 0.20322173833847049 315.37170410156256 40.708576202392585 1.60749999622567e-06 30.283439636230472 943.50000000000011 0.0033519720891490583 36.914140701293952 59.083333969116218
decision_type=8 8 2 2 2 8 10 10 8 10 2 2 10 2
left_child=1 8 3 7 -4 -3 -7 -2 -1 -10 -8 -6 13 -11
right_child=2 5 4 -5 11 6 10 -9 9 12 -12 -13 -14 -15
leaf_value=-0.035191655349116918 0.0010946339771875791 -0.044942697164777466 -0.033238708823678374 -0.0017974592753737342 -0.0059729436167030676 -0.046854672144360093 0.083230946656835544 0.084658310799695491 -0.045985119377421245 0.095309336063879369 -0.041165209115513128 0.077455514963217675 -0.00050902706617667211 0.02647179411287395
leaf_weight=11.65857460349798 10.411696363240479 181.04537595435977 44.678023908287287 23.19219820946455 16.299921825528148 14.886899687349798 12.006537042558191 77.044412206858397 5.6801288761198512 21.506735321134329 3.5781823322176924 11.428904216736553 10.832285579293965 10.789863575249909
leaf_count=219 108 4001 765 252 241 308 77 353 102 135 77 85 127 97
internal_value=-0.000912626 -0.0232005 0.032149 0.0589003 -0.00897631 -0.0377942 0.00475696 0.0748349 0.0276327 0.0430442 0.0539101 0.0299127 0.0555459 0.0737974
internal_weight=455.04 271.985 183.055 110.648 72.4068 211.517 30.4716 87.4561 60.4676 48.809 15.5847 27.7288 43.1289 32.2966
internal_count=6947 5143 1804 713 1091 4463 462 461 680 461 154 326 359 232
is_linear=0
shrinkage=0.05


Tree=18
num_leaves=15
num_cat=0
split_feature=48 11 116 112 79 60 112 114 124 65 7 36 7 65
split_gain=128.347 166.193 75.5149 55.4027 55.2438 27.0978 26.9774 25.277 20.6643 18.394 18.2945 13.6736 10.471 17.0006
threshold=5.9728748965426355e-05 0.0026333216810598974 1.8902438879013064 622.50000000000011 0.10035246983170511 1425.009948730469 1508.5000000000002 0.48009900748729711 0.10013736411929132 28.371794700622562 132.99542236328128 288.17718505859381 32.696172714233406 30.648148536682132
decision_type=10 10 2 2 2 2 2 2 10 2 8 10 8 2
left_child=1 2 3 9 6 -4 -3 -7 12 -1 -11 -10 13 -2
right_child=8 4 5 -5 -6 7 -8 -9 11 10 -12 -13 -14 -15
leaf_value=-0.022626064316854412 -0.04327608308091957 0.094947293732860372 -0.039002147396211571 -0.04011863448838901 -0.016201821270040426 -0.031128861809410314 -0.037795543040266562 0.10060304540964525 -0.03417486772004618 0.064247502702015652 -0.041809225473990567 0.091101961074251434 -0.049543691318655589 0.10994627029127534
leaf_weight=7.5061892420053473 3.7961579114198676 76.281690202653408 114.90275071561337 22.203312870115042 14.526352707296608 6.6030377447605115 3.5181140154600135 6.2432148046791553 3.1865344047546378 60.093393810093403 3.6907034888863555 3.901509590446949 117.16998586058617 1.9361215271055696
leaf_count=62 73 385 2295 444 214 77 77 28 68 313 70 32 2742 18
internal_value=0.000126984 0.0173503 -0.00640203 0.0275747 0.0725443 -0.0312891 0.0886998 0.0355342 -0.0414982 0.0489211 0.0575602 0.0375199 -0.0463214 0.01712
internal_weight=445.559 315.569 221.243 93.4936 94.3262 127.749 79.7998 12.8463 129.99 71.2903 63.7841 7.08804 122.902 5.73228
internal_count=6898 3965 3289 889 676 2400 462 105 2933 445 383 100 2833 91
is_linear=0
shrinkage=0.05


Tree=19
num_leaves=15
num_cat=0
split_feature=128 31 2 112 39 65 116 60 122 73 2 125 12 3
split_gain=114.972 43.5735 41.4835 41.7744 35.6353 34.9752 32.8579 30.723 26.7919 23.0506 22.8886 17.7734 14.1986 13.0734
threshold=19.735747337341312 201.20863342285159 164.12142181396487 1087.0000000000002 0.13896551728248599 28.371794700622562 1.9027161598205569 1415.615905761719 -7.5894250869750968 133.83280181884768 41.072780609130866 -173.49999999999997 0.0013870933325961234 5.2826414108276376
decision_type=8 10 8 2 10 2 2 2 10 2 10 2 10 10
left_child=1 7 3 4 5 -2 11 -1 -7 -10 13 -3 -8 -9
right_child=2 6 -4 -5 -6 8 12 10 9 -11 -12 -13 -14 -15
leaf_value=-0.045624376069395761 -0.02403007371878042 -0.0034959732781658578 -0.038664785022362189 -0.043166206856152869 -0.025096150509787276 0.077819509264490494 -0.033003143557857294 -0.022358009368067713 -0.002059638850100303 0.066557771176410083 -0.035157890721081046 0.081428131451570684 0.035909363463557699 0.086495146787978858
leaf_weight=153.52360360696912 13.374730274081228 9.2649328634142893 20.45351480320096 14.649651784449814 16.534996662288904 76.611482072621584 32.811243448406458 3.2775543369352844 26.579339470714331 21.593801900744438 11.441776439547537 16.929598275572062 8.7067442536354047 9.3860731869935972
leaf_count=3851 110 70 390 340 258 350 697 36 241 133 216 113 87 51
internal_value=-0.00190726 -0.02447 0.0272339 0.0353734 0.0430407 0.0513171 0.00955828 -0.0374226 0.0595198 0.0294264 0.0145499 0.0523667 -0.0180468 0.0587477
internal_weight=435.139 245.342 189.798 169.344 154.694 138.159 67.7125 177.629 124.785 48.1731 24.1054 26.1945 41.518 12.6636
internal_count=6943 5121 1822 1432 1092 834 967 4154 724 374 303 183 784 87
is_linear=0
shrinkage=0.05


Tree=20
num_leaves=15
num_cat=0
split_feature=31 11 8 79 116 59 20 124 36 28 28 65 127 115
split_gain=105.303 73.4666 68.3322 45.4155 32.1799 19.6273 18.9035 17.3375 25.2123 16.7959 14.6872 14.5406 12.9598 12.9101
threshold=172.01799774169925 0.0035057640634477143 46.665632247924812 0.10035246983170511 1.7827181816101076 55850.972656250007 0.00021862139692530039 0.20322173833847049 315.37170410156256 809.50000000000011 943.50000000000011 28.371794700622562 -18.105352401733395 0.12127465382218362
decision_type=8 10 8 2 2 2 10 8 10 2 2 2 10 2
left_child=2 4 9 5 6 -3 -2 -4 -9 11 -10 -1 -5 -8
right_child=1 3 7 12 -6 -7 13 8 10 -11 -12 -13 -14 -15
leaf_value=-0.044264690308831053 -0.0026972427254293501 0.080011759597987342 -0.04556719680785614 0.05125438891972757 -0.0284319699654439 -0.034478956730908859 0.0760558810991529 -0.045418694065064109 0.086204318045545181 -0.045953052661688615 -0.03780572187213934 0.040868481861997381 -0.043157330499174557 -0.023674847742859467
leaf_weight=4.7730067186057559 24.940863259136677 72.328121066093445 149.64418067410588 4.1276346147060385 55.562936618924141 3.4113337360322467 18.44699922204018 12.55506304651499 7.9703324697911722 6.958557002246379 2.6002490408718586 47.394259788095951 11.863541845232247 3.4079831056296817
leaf_count=96 252 382 3720 35 1012 78 84 294 54 162 63 400 210 48
internal_value=-0.000859908 0.0262403 -0.0235572 0.0584777 -0.00293603 0.074473 0.027298 -0.0393792 0.000891919 0.0225617 0.0550682 0.0323932 -0.0172055 0.0601488
internal_weight=425.985 194.089 231.896 91.7306 102.359 75.7395 46.7958 172.77 23.1256 59.1258 10.5706 52.1673 15.9912 21.855
internal_count=6890 2101 4789 705 1396 460 384 4131 411 658 117 496 245 132
is_linear=0
shrinkage=0.05


Tree=21
num_leaves=15
num_cat=0
split_feature=128 2 36 28 39 1 11 123 122 67 1 94 1 73
split_gain=108.301 40.7286 38.9522 35.6673 29.2275 28.9019 28.0706 21.8943 21.7257 20.9092 18.2341 17.2065 14.4846 16.4013
threshold=17.912630081176761 157.74160766601565 1413.9710083007815 926.50000000000011 0.11814556270837785 39163.234375000007 0.0026333216810598974 272.75819396972662 -7.5894250869750968 28.254610061645511 1017.9439392089845 0.00036677510070148861 2444.005981445313 67.633594512939467
decision_type=8 8 10 2 10 2 10 8 10 2 2 10 2 2
left_child=2 3 7 4 6 11 8 -1 9 -2 -10 -4 13 -13
right_child=1 -3 5 -5 -6 -7 -8 -9 10 -11 -12 12 -14 -15
leaf_value=-0.043656863539031046 -0.040531453540676554 -0.03911167566030465 0.073925832556623494 -0.044946881481809746 -0.022285361507021768 -0.047360901646381584 0.074963619277624641 0.0031304880890632106 0.047144317041779259 0.062879489213494316 -0.024469591952911006 -0.013893602842024217 -0.024990849974325342 0.11026972235012028
leaf_weight=145.15445872023702 4.8294358253478995 20.1880286000669 15.627536524087189 12.230032399296759 15.788337156176565 13.54539532214403 57.631310872733593 30.010084170848131 12.653758767992256 41.87072953209281 24.468426026403904 4.693522624671461 13.84330629557371 4.5920169726014137
leaf_count=3932 52 404 84 309 252 341 272 373 74 207 276 54 217 26
internal_value=-0.00119348 0.0266319 -0.0244091 0.034647 0.0410826 0.0132622 0.0482622 -0.0356687 0.0292365 0.0515599 0.000537617 0.0351084 0.00690376 0.0522604
internal_weight=417.126 189.66 227.466 169.472 157.242 52.3018 141.454 175.165 83.8224 46.7002 37.1222 38.7564 23.1288 9.28554
internal_count=6873 1846 5027 1442 1133 722 881 4305 609 259 350 381 297 80
is_linear=0
shrinkage=0.05


Tree=22
num_leaves=15
num_cat=0
split_feature=48 11 57 79 122 56 30 114 122 82 56 116 65 124
split_gain=104.74 118.377 61.2823 40.828 23.2968 18.3175 16.9609 18.0935 16.5205 16.3619 15.9492 16.0582 15.9121 15.2275
threshold=5.9728748965426355e-05 0.0026333216810598974 58.500000000000007 0.10035246983170511 -2.2119510173797603 849.50000000000011 1424.5075683593752 0.48009900748729711 -7.5894250869750968 0.0021152521949261431 282.50000000000006 1.8363962173461916 28.371794700622562 0.10013736411929132
decision_type=10 10 2 2 10 2 10 2 10 2 2 2 2 10
left_child=1 2 4 5 12 -3 8 -8 10 -6 11 -4 -1 -2
right_child=13 3 6 -5 9 -7 7 -9 -10 -11 -12 -13 -14 -15
leaf_value=-0.035439383971283371 -0.046223606436239996 0.080899129317850205 0.077448867486280853 -0.017877307814872467 -0.024872644041919113 -0.035975682400575089 -0.044728768097677368 0.080165349157661187 -0.04715130251024021 0.057889315108699428 -0.038623495863828128 -0.015038620355150724 0.055134724640577393 0.028177534655357651
leaf_weight=4.707197990268468 107.56290263310075 73.590170972049236 7.6099928840994862 13.231165941804646 26.186244059354067 2.9701281636953345 4.0624873898923379 6.1003340408205986 77.802512425929308 6.6639706380665293 17.102349523454905 9.7324414327740651 47.607124097645283 6.6975920125842086
leaf_count=43 2875 382 34 213 392 74 72 27 1921 46 348 123 295 100
internal_value=-0.00117711 0.014464 -0.00633573 0.0620877 0.0260565 0.0759596 -0.0289006 0.0307057 -0.0345208 -0.00686943 -0.00546605 0.0275554 0.0464731 -0.0416558
internal_weight=411.627 297.366 207.575 89.7915 85.1645 76.5603 122.41 10.1628 112.247 32.8502 34.4448 17.3424 52.3143 114.26
internal_count=6945 3970 3301 669 776 456 2525 99 2426 438 505 157 338 2975
is_linear=0
shrinkage=0.05


Tree=23
num_leaves=15
num_cat=0
split_feature=6 11 57 79 49 137 65 115 6 97 8 112 17 19
split_gain=95.3102 93.2808 53.037 52.5545 22.7679 29.0572 20.7912 19.0546 13.7073 21.2001 11.8386 11.5869 11.5659 11.0695
threshold=48.780223846435554 0.0028109641280025248 67.500000000000014 0.07705803215503694 6.5061751229222877e-05 36.256685256958015 36.814813613891609 0.31423889100551611 30.858586311340336 0.00029941125831101095 36.858585357666023 1508.5000000000002 0.060836814343929298 0.015011028852313759
decision_type=8 10 2 2 10 2 2 2 10 10 8 2 10 8
left_child=1 2 4 11 13 -6 -7 -2 9 -4 -8 -3 -10 -1
right_child=7 3 8 -5 5 6 10 -9 12 -11 -12 -13 -14 -15
leaf_value=-0.012277441912867434 0.04112101844426632 0.076484164093650261 -0.040282506771364052 -0.015843112177590463 0.10292255946297718 -0.030709722564524873 0.11143937714027806 -0.050089870885567239 -0.039715197888428845 0.053200745058696902 0.010245126310942612 -0.03178907827365611 0.067075063462893214 0.05807000256877061
leaf_weight=6.1939129568636409 5.3854754865169516 72.219943154603243 11.235290167853238 20.89219893887639 5.1522074937820426 38.231316011399031 3.0925918966531727 88.76930733025074 90.991923924535513 11.042795106768606 10.661054473370314 2.0424682907760134 1.7332660518586624 36.868180233985186
leaf_count=31 49 387 250 358 44 604 16 2540 2129 125 125 51 10 202
internal_value=-0.000702884 0.012683 -0.00558588 0.0536283 0.0208959 6.8166e-05 -0.0118758 -0.0444955 -0.0286399 0.00635007 0.0390103 0.0731235 -0.0370247 0.0479025
internal_weight=404.512 310.357 215.203 95.1546 100.199 57.1372 51.985 94.1548 115.003 22.2781 13.7536 74.2624 92.7252 43.0621
internal_count=6921 4332 3536 796 1022 789 745 2589 2514 375 141 438 2139 233
is_linear=0
shrinkage=0.05


Tree=24
num_leaves=15
num_cat=0
split_feature=46 28 116 115 78 39 30 73 73 126 18 121 36 113
split_gain=95.4817 94.3049 69.7121 31.1917 29.9954 26.0126 21.4767 15.6905 15.3282 14.1002 13.3765 13.3101 12.0268 11.6267
threshold=3.0160999813233506e-05 767.00000000000011 1.8822661042213442 0.21053910255432132 0.0029251328669488434 0.0038772340631112461 1412.6660156250002 109.64814758300783 68.730964660644545 59296.013671875007 0.00044256600085645919 -52150.365234374993 288.17718505859381 80739.074218750015
decision_type=10 2 2 2 2 10 10 2 2 2 10 2 10 2
left_child=1 2 3 7 6 -6 -4 8 -1 13 -5 12 -2 -7
right_child=11 -3 4 10 5 9 -8 -9 -10 -11 -12 -13 -14 -15
leaf_value=0.050053377852626951 -0.033776907293583298 -0.046670733642329487 -0.034234062674871467 -0.012931746082379313 0.10455003971883199 0.042833405617425643 0.02923097115661108 0.074545544776726008 -0.037086049304053077 0.051957775761440311 0.057006801838958503 -0.049009676538751712 0.081842929966145367 -0.038375934467288327
leaf_weight=17.08725976198912 4.153026655316352 52.616334663704038 59.669644629582763 23.1577207967639 8.6204347703605873 5.2486944142729106 16.25258363969624 79.536156050860882 6.1698515061289063 11.387060558423398 8.5547518618404848 87.598188361153007 3.0705786738544703 14.372005971148608
leaf_count=114 116 1509 1324 267 54 61 163 377 57 78 54 2547 31 216
internal_value=-0.000139436 0.013592 0.0264077 0.0507382 -0.00210638 0.032666 -0.0204448 0.0640026 0.0263604 0.0100395 0.00710079 -0.0436547 0.0193461 -0.0156281
internal_weight=397.494 302.672 250.056 134.506 115.55 39.6282 75.9222 102.793 23.2571 31.0078 31.7125 94.8218 7.22361 19.6207
internal_count=6968 4274 2765 869 1896 409 1487 548 171 355 321 2694 147 277
is_linear=0
shrinkage=0.05


Tree=25
num_leaves=15
num_cat=0
split_feature=46 11 57 79 137 67 123 121 126 27 130 30 128 121
split_gain=87.6118 95.5206 47.4629 37.0491 15.9202 19.8541 15.9085 15.2745 15.9918 14.7203 14.1944 13.1698 11.7815 11.2711
threshold=3.0160999813233506e-05 0.0035057640634477143 49.500000000000007 0.10035246983170511 57.945634841918952 31.2744255065918 16.560726165771488 680572.06250000012 50888.169921875007 32946.578125000007 1.0000000180025095e-35 1424.5075683593752 217.65306091308597 -74781.050781249985
decision_type=10 10 2 2 2 2 8 2 2 10 2 10 10 2
left_child=1 2 4 9 5 -1 11 8 -8 -3 -6 -4 -5 -2
right_child=13 3 6 12 10 -7 7 -9 -10 -11 -12 -13 -14 -15
leaf_value=-0.043316537608342899 0.023800789848488796 0.074135294388660747 -0.043415699535954769 -0.039382767951420095 0.020682500794568515 0.057434226067700871 -0.016807095357686968 -0.0427731935314484 0.052552693836766133 -0.034590865007476511 -0.045391626721259341 0.026108234292511592 0.056156883845847973 -0.047814677731577035
leaf_weight=4.8671813532710066 5.285287292674183 71.629101963713765 76.676673991605639 11.537632107734678 24.778274569660425 37.144070932641625 15.754541631788017 13.851025361567734 15.760944413021205 2.6988323461264363 10.871385280042885 6.8132258225232354 3.3902791142463675 85.061612289398909
leaf_count=56 104 394 2078 232 255 235 237 339 135 68 147 71 21 2583
internal_value=-0.000593254 0.0125879 -0.00613664 0.0555001 0.0245475 0.0450261 -0.0246764 -0.000776168 0.0184293 0.0697807 -0.00015559 -0.0375003 -0.0155213 -0.0434105
internal_weight=386.12 295.773 206.517 89.2558 77.6609 42.0113 128.856 45.3665 31.5155 74.3279 35.6497 83.4899 14.9279 90.3469
internal_count=6955 4268 3553 715 693 291 2860 711 372 462 402 2149 253 2687
is_linear=0
shrinkage=0.05


Tree=26
num_leaves=15
num_cat=0
split_feature=48 11 0 79 103 60 114 8 58 8 67 137 128 122
split_gain=87.2764 90.828 52.4314 25.2983 18.6933 15.4386 15.7902 13.858 13.2458 12.9497 13.6601 10.9449 9.42244 9.09169
threshold=5.9728748965426355e-05 0.0026333216810598974 57.500000000000007 0.10035246983170511 13.500000000000002 1425.009948730469 0.4847050160169602 54.206493377685554 1112680.2500000002 133.26831817626956 28.254610061645511 37.141414642333991 217.65306091308597 -8.6488885879516584
decision_type=10 10 2 2 2 2 2 8 2 8 2 2 10 10
left_child=1 2 4 8 9 13 -7 -2 -3 10 -1 -6 -5 -4
right_child=7 3 5 12 11 6 -8 -9 -10 -11 -12 -13 -14 -15
leaf_value=-0.038190113252215087 0.022834003751609575 0.07024015840839723 -0.010270979701952534 -0.033996292464993479 0.07954593899250606 -0.041809350878879055 0.085358179249331284 -0.045738583545566119 -0.034906836643670398 -0.027574602210691374 0.049703409070382093 -0.035636912568522354 0.05481984132698229 -0.043888517134056476
leaf_weight=4.0733760930597773 7.4183352384716263 73.75786530226469 29.273608181625605 9.4758715741336328 1.4054324775934244 3.3851285576820356 4.849967610090971 90.788966439664364 2.5487997792661181 6.5457465779036275 55.947964958846569 15.360666509717701 3.1965194605290881 68.9480264429003
leaf_count=42 128 394 467 190 7 69 22 2855 73 96 355 261 19 1958
internal_value=-8.70503e-05 0.0142016 -0.00538744 0.05558 0.024154 -0.0285217 0.0342176 -0.0403808 0.0663219 0.0359448 0.0432104 -0.0220477 -0.00922211 -0.0340738
internal_weight=376.976 278.769 189.79 88.9791 83.3332 106.457 8.2351 98.2073 76.3067 66.5671 60.0213 16.7661 12.6724 98.2216
internal_count=6936 3953 3277 676 761 2516 91 2983 467 493 397 268 209 2425
is_linear=0
shrinkage=0.05


Tree=27
num_leaves=15
num_cat=0
split_feature=7 11 56 116 65 115 94 107 64 122 51 120 76 120
split_gain=76.2463 77.4671 42.4101 31.1353 29.1712 27.0892 20.0341 19.4658 15.5396 14.2946 13.9851 12.7835 12.1818 12.0638
threshold=66.719139099121108 0.0070426026359200486 924.50000000000011 1.6447790265083315 28.371794700622562 0.31423889100551611 0.00042633840348571544 21784.988281250004 32.020854949951179 -2.5374947786331172 3.5000000000000004 18.500000000000004 0.0025856507709249858 -1202.4999999999998
decision_type=8 10 2 2 2 2 10 2 2 8 2 2 2 2
left_child=1 2 3 4 -1 10 8 -3 -5 11 -2 -8 -13 -6
right_child=5 7 -4 6 13 -7 9 -9 -10 -11 -12 12 -14 -15
leaf_value=-0.039719908399607255 0.05784691243917528 0.068482318238753101 -0.047844354994463809 0.078800128840146672 -0.031403368791905709 -0.047514424986929732 -0.017038723785611536 -0.016115783413582871 -0.016299660235335654 -0.038693110711552417 -0.025689960674917883 0.11654451864254178 -0.0069646854865729191 0.051514439107618319
leaf_weight=10.974500644952057 9.5211192313581723 61.692959306761622 38.907202592119575 8.749395137652753 4.0782695934176436 86.354442995041609 13.912257909774782 7.2456630915403357 7.1625767033547154 45.86406085640192 8.7384291812777501 3.4439116679131976 3.4316876549273729 59.909358471632004
leaf_count=158 76 367 1255 65 30 2845 252 132 119 999 151 34 46 407
internal_value=4.43166e-05 0.0142981 -0.00178223 0.00982465 0.0329455 -0.0359059 -0.0113105 0.0594875 0.0375596 -0.0233601 0.0186107 0.0106923 0.0618427 0.0458277
internal_weight=369.986 265.372 196.433 157.526 74.9621 104.614 82.5639 68.9386 15.912 66.6519 18.2595 20.7879 6.8756 63.9876
internal_count=6936 3864 3365 2110 595 3072 1515 499 184 1331 227 332 80 437
is_linear=0
shrinkage=0.05


Tree=28
num_leaves=15
num_cat=0
split_feature=6 28 117 115 47 5 5 125 114 64 42 48 46 118
split_gain=72.4713 62.346 53.4696 20.9628 18.4882 16.4271 15.9605 14.7423 13.8397 12.3821 11.6498 9.72497 9.45208 9.06944
threshold=54.54191970825196 767.00000000000011 6.7500000000000009 0.21053910255432132 0.19611069560050967 106.33900833129884 68.730964660644545 -408.49999999999994 0.55361497402191173 31.836424827575687 0.0055951299145817765 1.5129500070543147e-06 2.4886499886633832e-05 0.0077656120993196973
decision_type=8 2 2 2 8 10 10 2 2 2 8 10 10 2
left_child=1 2 3 5 9 6 11 -7 -5 -4 -11 -1 -6 -2
right_child=13 -3 4 8 12 7 -8 -9 -10 10 -12 -13 -14 -15
leaf_value=-0.042705405050183533 0.019585904477791724 -0.045315153495937163 0.016105134638684026 -0.037271610541165671 0.0326476846512204 -0.013553222400519578 -0.044324035763726011 0.06670310884861487 0.035820524790405213 -0.036352149045063689 0.040815641693029217 0.059737103929984207 -0.024185601068422671 -0.049884428540660414
leaf_weight=2.0812735129147795 4.5402822233736506 41.205425001680851 18.952389797195792 11.721697721630337 36.257979322224855 5.823151431977748 7.3636557832360259 80.66129088960588 12.19189398922026 53.423737168312073 4.5502220392227164 11.618532666936515 8.3259708210825902 65.666972454637289
leaf_count=36 63 1373 299 233 319 35 93 451 78 1255 41 92 200 2346
internal_value=9.59869e-05 0.0110178 0.0203359 0.0423101 -0.00358921 0.0516462 0.0113988 0.0612062 -6.49283e-05 -0.0183577 -0.0297061 0.0423276 0.0217364 -0.0451798
internal_weight=364.384 294.177 252.972 131.461 121.51 107.548 21.0635 86.4844 23.9136 76.9263 57.974 13.6998 44.584 70.2073
internal_count=6914 4505 3132 1018 2114 707 221 486 311 1595 1296 128 519 2409
is_linear=0
shrinkage=0.05


Tree=29
num_leaves=15
num_cat=0
split_feature=46 11 0 79 6 49 137 6 124 7 122 110 114 1
split_gain=69.4788 70.516 44.5057 29.5871 16.8575 18.5 14.8876 21.4838 16.8758 11.2325 15.7301 10.3242 10.1648 15.7926
threshold=3.0160999813233506e-05 0.0035057640634477143 67.500000000000014 0.10035246983170511 30.858586311340336 0.00028918174211867159 57.945634841918952 31.743314743041996 0.03053371794521809 37.025253295898445 -3.8217216730117793 726975.28125000012 0.56934255361557018 1078.949645996094
decision_type=10 10 2 2 10 10 2 10 8 10 10 2 2 2
left_child=1 2 6 11 5 -4 7 -1 -8 -9 -11 -3 -2 -14
right_child=12 3 4 -5 -6 -7 8 9 -10 10 -12 -13 13 -15
leaf_value=-0.036915215317411043 -0.04838798555552809 0.065698807274715096 -0.04014209585109612 -0.016721062617862509 -0.037281249952777672 0.054045967318683913 -0.036676222338462482 0.081948162471611449 0.025886953766276862 0.061058976238368069 -0.026746433317479352 -0.025766492310553769 0.079168213773185059 -0.039042107946338833
leaf_weight=6.885471995919942 68.666387936100364 68.346479296684265 8.2371044456958789 13.912426028400658 83.850558096542954 11.077879615128039 17.801225440576673 18.601165344938636 24.261295674368739 11.642439413815737 7.792874103412033 2.7267332952469578 3.4631078056991083 6.7106489595025778
leaf_count=80 2397 396 213 252 2304 135 314 92 198 65 105 69 56 229
internal_value=-0.00048782 0.0113913 -0.0055718 0.0489687 -0.0276615 0.0138796 0.0206437 0.040328 -0.000827168 0.0548983 0.0262661 0.0618809 -0.0415671 0.00468028
internal_weight=353.976 275.136 190.15 84.9856 103.166 19.315 86.9845 44.922 42.0625 38.0365 19.4353 71.0732 78.8401 10.1738
internal_count=6905 4223 3506 717 2652 348 854 342 512 262 170 465 2682 285
is_linear=0
shrinkage=0.05


Tree=30
num_leaves=15
num_cat=0
split_feature=7 11 116 79 65 104 34 67 114 30 71 122 49 122
split_gain=60.8394 67.3836 35.5336 28.8369 19.5275 22.8879 15.6282 15.1581 18.9816 14.5779 13.8858 14.8462 9.53351 9.39391
threshold=126.9145965576172 0.0051799369975924501 1.6447790265083315 0.07705803215503694 28.371794700622562 284.25000000000006 283.81378173828131 31.143082618713382 0.46887598931789404 45.280498504638679 44.748447418212898 -5.7502291202545157 0.00019798749417532238 -74.780139923095689
decision_type=8 10 2 2 2 2 10 2 2 10 2 8 8 8
left_child=1 2 4 -3 -1 6 9 8 -4 13 11 -9 -5 -6
right_child=-2 3 7 12 5 -7 -8 10 -10 -11 -12 -13 -14 -15
leaf_value=-0.036402440673191129 -0.045324238344560737 0.061725343012272775 -0.022335584666364268 0.054422902726531885 -0.040786724565802235 -0.036116892258801991 0.063845103091307739 0.070918057624985514 0.055682252044675841 -0.022585691339289383 -0.043755150467318593 -0.023336584856428068 -0.033030801688474214 0.056443789215964914
leaf_weight=12.906430348753927 59.491723818704486 67.068209491670132 20.373065009713176 3.1034361720085117 2.1746192574501038 10.970856085419653 32.040341045707464 4.9811754263937473 11.288908803835509 14.252795087173579 69.688876200467348 12.889793923124673 12.333643529564142 15.864351946860554
leaf_count=206 2147 421 447 17 12 303 157 41 146 257 2206 231 257 86
internal_value=0.000300814 0.00978617 -0.00545637 0.0477147 0.0184823 0.028243 0.0396034 -0.0231745 0.00633441 0.0143552 -0.033796 0.00530089 -0.0132079 0.0431959
internal_weight=349.428 289.937 207.431 82.5053 88.2094 75.303 64.3321 119.222 31.662 32.2918 87.5598 17.871 15.4371 18.039
internal_count=6934 4787 4092 695 1021 815 512 3071 593 355 2478 272 274 98
is_linear=0
shrinkage=0.05


Tree=31
num_leaves=15
num_cat=0
split_feature=6 116 104 30 11 39 68 5 30 5 5 40 65 48
split_gain=64.3333 54.702 25.2938 25.5898 19.2147 21.1286 15.6658 12.9307 13.4921 12.7638 15.8354 11.5129 10.4702 9.53669
threshold=54.54191970825196 1.9276965856552126 284.25000000000006 266.89469909667974 0.0011710179969668391 0.00013502764340955767 38.200859069824226 37.025253295898445 1430.3109130859377 106.33900833129884 421.83279418945318 0.0037603694945573811 28.371794700622562 5.9728748965426355e-05
decision_type=8 2 2 10 10 10 2 10 10 10 10 10 2 10
left_child=1 2 3 6 7 -6 12 -3 -9 -5 -11 -7 -1 -12
right_child=-2 4 -4 9 5 11 -8 8 -10 10 13 -13 -14 -15
leaf_value=-0.041895675645604182 -0.044120679378373565 0.065240696888303459 -0.032354386542583276 0.018902438525248921 0.08196486574914541 -0.030171606043781097 -0.040340406568405381 -0.034539389502858328 0.036069475323734355 0.075247571215888737 0.038034545182212408 0.037432836947802937 0.044203831739051611 -0.04450567623760307
leaf_weight=3.602690618485215 62.922958998009562 2.8834138400852671 13.527935011312364 27.615759681910276 8.5459655150771123 15.98984118178487 13.682464240118859 80.812435202300549 6.5724739152938119 52.521344147622585 24.865322463214401 9.0216342154890281 16.089968841522932 3.1906250435858956
leaf_count=90 2410 30 371 242 50 310 309 2340 63 294 139 69 100 50
internal_value=0.00114097 0.0114728 0.0311718 0.0374266 -0.0132529 0.0186635 -0.000863628 -0.0251923 -0.0288807 0.049138 0.0591417 -0.00528507 0.0271888 0.0274391
internal_weight=341.845 278.922 155.096 141.568 123.826 33.5574 33.3751 90.2683 87.3849 108.193 80.5773 25.0115 19.6927 28.0559
internal_count=6867 4457 1595 1224 2862 429 499 2433 2403 725 483 379 190 189
is_linear=0
shrinkage=0.05


Tree=32
num_leaves=15
num_cat=0
split_feature=46 116 112 11 115 5 19 123 122 60 36 125 21 97
split_gain=57.8229 61.5906 29.1684 21.5249 16.8599 14.3706 13.9634 13.0395 11.8967 12.9947 11.7947 11.1195 15.8769 9.72843
threshold=2.7531500563782178e-05 1.8902438879013064 995.00000000000011 0.0029027820564806466 0.21053910255432132 106.33900833129884 0.020726706832647327 -124.83932495117186 -2.4019448757171626 1425.009948730469 288.17718505859381 4.5000000000000009 0.0082073048688471335 0.00029086750873830175
decision_type=10 2 2 10 2 10 10 8 8 2 10 2 10 10
left_child=1 2 4 8 5 -1 -5 10 11 -10 -2 -3 -13 -11
right_child=7 3 -4 6 -6 -7 -8 -9 9 13 -12 12 -14 -15
leaf_value=0.018403603554836872 -0.03765035087041621 -0.029946235025968167 -0.035806393377813321 -0.037016310999742029 0.0092844762338912794 0.06445490039061573 0.036906293560781685 -0.046730472194403454 -0.045373382303346366 -0.041938943831133529 0.073158949440167695 -0.015824357946449211 0.079869590328374374 0.058381350212958566
leaf_weight=23.930803027004004 3.8555738944560289 14.697902463376524 12.615878030657766 7.4324774723500004 30.29694783128798 66.878136206418276 26.628819422796369 64.739413125440478 58.597254458814859 3.1110463570803386 3.865461815148592 8.8909206781536323 6.9854918029159299 5.0752064734697342
leaf_count=175 142 338 422 184 281 362 230 2562 1867 54 41 220 80 28
internal_value=-0.000192256 0.0106477 0.0344186 -0.0136169 0.0419674 0.0526517 0.02018 -0.039462 -0.0255259 -0.0372047 0.0198529 0.00035432 0.0285179 0.0198411
internal_weight=337.601 265.141 133.722 131.419 121.106 90.8089 34.0613 72.4604 97.3578 66.7835 7.72104 30.5743 15.8764 8.18625
internal_count=6986 4241 1240 3001 818 537 414 2745 2587 1949 183 638 300 82
is_linear=0
shrinkage=0.05


Tree=33
num_leaves=15
num_cat=0
split_feature=6 11 79 116 20 42 65 30 122 125 16 127 118 49
split_gain=53.0893 50.07 29.9225 29.7162 19.6354 12.3877 12.3356 11.1754 11.942 12.674 15.0738 10.4571 9.63613 9.33009
threshold=54.54191970825196 0.0035057640634477143 0.10035246983170511 1.6447790265083315 0.00031226850114762788 0.0075282428879290828 28.371794700622562 1424.5075683593752 -2.4019448757171626 4.5000000000000009 0.013418881688266994 -37.342412948608391 0.0077656120993196973 0.00038776274595875298
decision_type=8 10 2 2 8 10 2 10 8 2 10 8 2 10
left_child=1 3 -3 4 5 -1 -6 8 9 -5 -11 -4 -2 -9
right_child=12 2 11 7 6 -7 -8 13 -10 10 -12 -13 -14 -15
leaf_value=-0.025721012545798085 0.023382670995464233 0.054667726328549965 0.045423610296340539 -0.033980905379407469 -0.035393726272869068 0.038589629045161424 0.050481003742712277 -0.035552712198453795 -0.041273430711275469 -0.031409021913211238 0.064998366549506609 -0.039584926384249437 -0.048985437309291696 0.054955476997314026
leaf_weight=27.306660581380129 4.4410089310258618 69.243529351428151 3.9546088427305222 15.470840597525241 4.0007147975265971 9.2157187350094301 36.143627345561981 3.5868407059460861 62.142325509339571 5.870497139170765 9.3885553795844299 13.035207672044637 53.830764526501298 6.9671297743916512
leaf_count=497 57 488 42 396 85 55 226 59 1942 166 130 348 2368 36
internal_value=-0.000357944 0.00913542 0.0402315 -0.00589415 0.0175648 -0.00889749 0.0412706 -0.0232852 -0.0288302 -0.0031595 0.0282577 -0.018373 -0.0431687 0.0237808
internal_weight=324.598 266.326 86.2333 180.093 76.6667 36.5224 40.1443 103.426 92.8722 30.7299 15.2591 16.9898 58.2718 10.554
internal_count=6895 4470 878 3592 863 552 311 2729 2634 692 296 390 2425 95
is_linear=0
shrinkage=0.05


Tree=34
num_leaves=15
num_cat=0
split_feature=46 56 125 57 123 129 118 36 137 7 130 30 32 116
split_gain=49.9752 54.4396 30.3314 28.3892 16.197 14.2963 12.8983 12.5368 11.7178 14.1006 10.4697 8.97317 8.01134 7.97611
threshold=2.4886499886633832e-05 884.50000000000011 38.500000000000007 51.500000000000007 -124.83932495117186 -0.018187467008829113 0.051877593621611602 288.17718505859381 58.256685256958015 31.47038555145264 1.0000000180025095e-35 490.45347595214849 30.858586311340336 1.8493428230285647
decision_type=10 2 2 2 8 10 2 10 2 10 2 10 10 2
left_child=1 2 3 8 7 11 -7 -2 9 -1 13 -4 -5 -10
right_child=4 -3 5 12 -6 6 -8 -9 10 -11 -12 -13 -14 -15
leaf_value=-0.045161196694733396 -0.037051404471608165 -0.046696731524310427 -0.032469897489452192 0.0095760361547470255 -0.047978717534056185 -0.021963297302111422 0.040874674450136768 0.077614263478442413 0.033208229268998794 0.049212099929060421 -0.043360549827005497 0.057525222368467327 -0.038328944180487413 -0.030132641936536392
leaf_weight=3.6467247419059268 3.603788249194622 36.144467541947961 2.2892578542232505 10.896088860929011 59.095049323514104 14.414438819512727 16.523261420428753 4.1486145090311766 17.982410473749045 36.184792639687657 9.0825063884258253 60.047293327748775 36.796228311955929 5.8614134155213824
leaf_count=54 142 1478 43 146 2517 344 162 42 141 272 148 394 885 125
internal_value=-0.00105239 0.00924743 0.018882 0.00223758 -0.0391209 0.040124 0.0118263 0.0261676 0.0217811 0.0396774 -0.000399787 0.0537598 -0.0274124 0.0170513
internal_weight=316.716 249.869 213.724 120.45 66.8475 93.2743 30.9377 7.7524 72.7578 39.8315 32.9263 62.3366 47.6923 23.8438
internal_count=6893 4192 2714 1771 2701 943 506 184 740 326 414 437 1031 266
is_linear=0
shrinkage=0.05


Tree=35
num_leaves=15
num_cat=0
split_feature=46 56 11 123 39 121 42 101 125 5 119 122 120 1
split_gain=51.5761 48.7322 30.2405 24.7303 15.8354 14.4559 13.714 12.9374 14.2826 11.5048 10.724 10.4499 10.6246 8.70065
threshold=2.7531500563782178e-05 884.50000000000011 0.0011710179969668391 42.368755340576179 0.0029368287650868301 -52150.365234374993 0.0079840640537440794 0.30820688605308538 19.500000000000004 519.20397949218761 0.2432549595832825 -2.4019448757171626 27.500000000000004 2621.623657226563
decision_type=10 2 10 8 8 2 10 10 2 8 2 8 2 2
left_child=1 2 3 6 -4 -2 10 8 13 -5 11 12 -1 -6
right_child=5 -3 4 9 7 -7 -8 -9 -10 -11 -12 -13 -14 -15
leaf_value=-0.011378023399213668 0.028961802275760885 -0.044615365470070167 0.07128222373242428 0.041066854845639315 0.041702545175623204 -0.048198459013268531 0.048133676386418828 0.066905365925050281 0.033480328395115541 -0.0084150970105859816 0.050954337481230495 -0.039305602746201228 0.083020908024425022 -0.048915915949705298
leaf_weight=18.993314499035481 6.1185741145163766 34.300572138279676 30.399927129969001 44.662506483495235 2.5641186144202939 56.945367740467191 7.0679212808609 12.104703161865471 21.110456308349967 15.410681238397954 3.9618949163705102 44.850848196074367 2.504124265164136 11.09657991863787
leaf_count=299 143 1455 189 293 20 2565 66 73 183 192 36 1159 37 179
internal_value=-0.000351084 0.00990606 0.0187818 0.00461912 0.0435922 -0.040377 -0.0140039 0.0245209 0.00830789 0.0284432 -0.0208376 -0.0258175 0.00281948 -0.0302225
internal_weight=312.092 249.028 214.727 137.451 77.2758 63.0639 77.3781 46.8759 34.7712 60.0732 70.3102 66.3483 21.4974 13.6607
internal_count=6889 4181 2726 2082 644 2708 1597 455 382 485 1531 1495 336 199
is_linear=0
shrinkage=0.05


Tree=36
num_leaves=15
num_cat=0
split_feature=6 11 79 56 36 116 4 92 38 112 93 102 33 111
split_gain=43.6086 42.1521 27.8283 22.9859 20.6995 19.4649 14.1048 12.6247 10.9103 10.7477 10.4718 10.4505 13.401 9.87696
threshold=54.54191970825196 0.0051799369975924501 0.12528026849031451 924.50000000000011 1413.9710083007815 1.768338203430176 28.371794700622562 0.00068315799580886971 0.021537973545491699 1508.5000000000002 1.5450000319106041e-06 4.5000000000000009 1429.262634277344 2133.800903320313
decision_type=8 10 2 2 10 2 10 10 10 2 10 2 10 2
left_child=1 3 8 4 5 6 -1 10 9 -3 -8 -6 13 -13
right_child=-2 2 -4 -5 11 -7 7 -9 -10 -11 -12 12 -14 -15
leaf_value=-0.047209263119191915 -0.04194466496884118 0.066360433205446476 -0.026661626744429609 -0.046886516495704418 0.054605418491016904 -0.031688014710987429 0.031915895012197985 0.061479267731851008 0.0096897151879188938 -0.034937594534903652 -0.024129945320733759 0.050564298287216924 -0.049729722151915338 -0.044112881810375155
leaf_weight=7.720423348248004 52.149953642860055 49.760872907936573 13.13616845756769 27.574081398546696 21.632502572610974 50.979258244857192 15.952921599149706 13.185744842514394 13.060389166697858 2.1668681856244794 15.417964017018674 11.961785722523929 6.508400432765483 2.6684769559651604
leaf_count=154 2430 330 344 1271 168 1424 95 102 100 68 151 102 96 47
internal_value=-0.000779354 0.00788107 0.0381326 -0.00587319 0.0021375 -0.00999241 0.0113623 0.0223246 0.0514352 0.0615532 0.00447634 0.0309803 0.00542878 0.0315783
internal_weight=303.876 251.726 78.1243 173.602 146.027 103.256 52.2771 44.5566 64.9881 51.9277 31.3709 42.7712 21.1387 14.6303
internal_count=6882 4452 842 3610 2339 1926 502 348 498 398 246 413 245 149
is_linear=0
shrinkage=0.05


Tree=37
num_leaves=15
num_cat=0
split_feature=46 56 117 121 123 33 128 125 73 35 73 122 94 33
split_gain=39.3359 42.341 27.2002 13.4704 12.6807 12.4167 12.9842 10.5876 11.9373 11.9488 11.5819 7.64678 6.94636 12.0499
threshold=3.0160999813233506e-05 924.50000000000011 6.7500000000000009 -872917.62499999988 -426.53768920898432 1413.9710083007815 -373.59703063964838 -408.49999999999994 109.64814758300783 180.7494812011719 64.250652313232436 -67.13909530639647 0.00046316975203808402 1429.262634277344
decision_type=10 2 2 2 8 8 10 2 2 8 2 8 8 10
left_child=1 2 3 -1 -2 6 -4 -5 10 -10 11 -9 -7 -14
right_child=4 -3 5 7 -6 12 -8 8 9 -11 -12 -13 13 -15
leaf_value=-0.041550489065608286 0.030041006270798139 -0.047193975303141004 0.023889851615522942 -0.018782149689963935 -0.046040595070357772 0.052845030385352022 -0.028812108767094158 -0.03097909862529051 -0.02006989217617389 0.056627856442245952 -0.026453472053699575 0.051439638958941596 0.026018359267447722 -0.048298275263447377
leaf_weight=5.1938378531485787 5.3982040211558342 31.101067693904042 14.231682153418658 7.7727992571890345 54.042326595634222 9.8563307486474496 51.206100361421704 2.7509846966713667 5.0192356780171385 64.401921670883894 11.117171853780745 14.117619555443531 17.760181512683634 6.6976376734673968
leaf_count=46 120 1464 97 66 2598 56 1360 14 81 467 148 103 225 117
internal_value=-0.00267072 0.00634243 0.0144525 0.0314396 -0.0387484 -0.00446895 -0.0171632 0.0354012 0.0398719 0.0508763 0.011761 0.037017 0.0195397 0.00456938
internal_weight=300.667 241.227 210.126 110.374 59.4405 99.7519 65.4378 105.18 97.4069 69.4212 27.9858 16.8686 34.3141 24.4578
internal_count=6962 4244 2780 925 2718 1855 1457 879 813 548 265 117 398 342
is_linear=0
shrinkage=0.05


Tree=38
num_leaves=15
num_cat=0
split_feature=6 11 79 116 16 65 39 8 6 114 128 68 4 123
split_gain=46.3427 37.5649 23.0106 22.1883 16.034 15.0712 13.2468 9.99206 10.0294 9.83624 8.67812 8.22804 7.84146 8.18008
threshold=54.54191970825196 0.0035057640634477143 0.07705803215503694 1.7827181816101076 0.001133615733124316 28.371794700622562 0.12528026849031451 46.665632247924812 30.858586311340336 0.48287980258464819 460.71350097656256 32.714891433715827 33.849477767944343 -4.9956567287445059
decision_type=8 10 2 2 8 2 8 10 10 2 10 2 10 10
left_child=1 3 -3 4 -1 -6 12 -5 9 -9 -4 -8 -7 -14
right_child=-2 2 10 7 5 6 11 8 -10 -11 -12 -13 13 -15
leaf_value=-0.034645301650446249 -0.043037485737097009 0.05104504122593756 -0.02578790171824101 0.0053871180182513056 -0.028163021196929601 0.065866248969403726 0.052735584762719626 -0.02694390125117781 -0.041872580799111436 0.050634824036379748 0.051733325827882849 -0.04835383701831613 0.042252309542453459 -0.017723069072951566
leaf_weight=12.488099172711371 48.251157090067863 65.106118565425277 16.229543767869476 26.030865496024489 10.372393168509005 23.118727935478091 1.8722357898950557 9.1887472569942457 48.930058926343918 5.8299772664904586 3.5921808294951907 6.2166783548891544 17.680160509422418 7.5056966859847369
leaf_count=311 2417 467 429 415 190 135 8 276 1922 88 17 61 128 104
internal_value=0.00137207 0.00993861 0.036864 -0.00371075 0.0154768 0.0252247 0.0353639 -0.0205955 -0.031092 0.00445167 -0.00992929 -0.0217281 0.0451711 0.0243846
internal_weight=302.413 254.161 84.9278 169.234 79.254 66.7659 56.3935 89.9796 63.9488 15.0187 19.8217 8.08891 48.3046 25.1859
internal_count=6968 4551 913 3638 937 626 436 2701 2286 364 446 69 367 232
is_linear=0
shrinkage=0.05


Tree=39
num_leaves=15
num_cat=0
split_feature=6 56 121 1 11 60 92 36 125 126 113 41 116 124
split_gain=39.6284 35.6228 25.1761 17.6355 15.8031 15.0747 12.0562 14.5555 11.8495 8.18653 7.33759 6.77994 6.65342 9.79926
threshold=54.54191970825196 924.50000000000011 28322.967773437504 3237.530151367188 0.018693221732974056 274.03813171386724 0.0024175279540941124 1410.6363525390627 -67.499999999999986 43.440341949462898 113990.14062500001 0.0084520047530531901 1.9246904253959658 -0.012800646480172871
decision_type=8 2 2 2 10 2 8 10 2 2 2 10 2 8
left_child=1 2 3 4 6 -6 7 11 10 -8 -4 -1 -10 -14
right_child=-2 -3 8 -5 5 -7 9 -9 12 -11 -12 -13 13 -15
leaf_value=-0.040978915466149755 -0.043080487036416287 -0.046604032575075421 0.041781578924670139 -0.022575363386703622 -0.02933786521330925 0.07198925016684446 3.0672307962129783e-05 0.021921787133821004 0.0580368124028392 0.060015333302791941 -0.03143618745063332 0.044817060537571257 0.060283807859264266 0.00082789117782028202
leaf_weight=26.23305233754218 46.35686000995338 26.69567802362144 4.213252516463398 50.568526856601238 4.0527968890965012 16.436657771468163 10.657990802079441 18.151294657960534 38.02729519829154 11.200237864628432 9.0274403356015664 1.7017654627561558 10.555960509926079 17.383436024188999
leaf_count=509 2429 1321 30 1257 148 99 149 151 254 80 132 16 92 273
internal_value=-0.00120128 0.00686878 0.0135934 0.000716625 0.014139 0.0515143 0.00228436 -0.0122131 0.0359003 0.0320479 -0.00684002 -0.034384 0.0444531 0.0245982
internal_weight=291.262 244.905 218.21 139.002 88.4338 20.4895 67.9443 46.0861 79.2074 21.8582 13.2407 27.9348 65.9667 27.9394
internal_count=6940 4511 3190 2409 1152 247 905 676 781 229 162 525 619 365
is_linear=0
shrinkage=0.05


Tree=40
num_leaves=15
num_cat=0
split_feature=6 28 117 75 125 45 64 5 134 5 18 0 95 70
split_gain=39.0116 31.5293 23.7148 14.3257 13.1794 11.6491 11.0338 10.6584 10.321 8.99394 8.53799 8.3019 8.01847 7.73116
threshold=54.54191970825196 767.00000000000011 6.7500000000000009 0.25757884979248052 -60.499999999999993 0.040092237293720252 31.143082618713382 106.33900833129884 0.50641027092933666 64.250652313232436 3.3785000823627347e-06 88.500000000000014 0.00070467340992763649 1429.262634277344
decision_type=8 2 2 2 2 8 2 10 2 10 10 2 10 2
left_child=1 2 3 4 11 6 -4 9 13 -6 -10 -1 -5 -7
right_child=-2 -3 5 12 7 8 -8 -9 10 -11 -12 -13 -14 -15
leaf_value=0.022867169668313276 -0.042429875590280657 -0.040654008915527243 0.017067254998342642 -0.021176494220742026 0.047035403139836528 0.046725485587496438 -0.032167286634789356 0.059288508699602033 0.046475986349216653 -0.020551480620318752 -0.025394780214953113 -0.050873348993601332 0.042894730093391148 -0.038924400323614217
leaf_weight=9.9621808473020774 44.383339461870492 28.164254487492144 15.157513584941624 17.352556833997372 8.9261959847062844 21.729202367365364 39.087761463597417 54.779747866094112 4.3784003071486977 8.9246335271745902 17.142024243250489 4.8593714106827965 5.6615507174283257 2.2187534905970088
leaf_count=67 2431 1417 255 231 72 227 1198 388 25 130 337 44 86 26
internal_value=7.29604e-05 0.00813185 0.0148307 0.0306793 0.039825 -0.00285712 -0.01835 0.0484855 0.0156235 0.0139472 -0.00935801 -0.00299666 -0.00428487 0.037548
internal_weight=282.727 238.344 210.18 110.466 87.4521 99.7137 54.2453 72.6306 45.4684 17.8508 21.5204 14.8216 23.0141 23.948
internal_count=6934 4503 3086 1018 701 2068 1453 590 615 202 362 111 317 253
is_linear=0
shrinkage=0.05


Tree=41
num_leaves=15
num_cat=0
split_feature=6 56 36 126 129 65 118 129 120 43 62 69 69 100
split_gain=33.9983 30.3621 21.926 15.8537 11.1717 12.6966 9.42972 7.57493 7.53504 7.10651 6.31477 10.1365 9.44914 7.55945
threshold=54.54191970825196 924.50000000000011 1413.7432861328127 25.141719818115238 -0.018187467008829113 28.371794700622562 0.0077656120993196973 0.022296764887869362 -1202.4999999999998 0.99155640602111828 4.8914854526519784 42.858585357666023 31.47038555145264 0.10335189849138261
decision_type=8 2 10 2 10 2 2 10 2 10 2 2 2 10
left_child=1 2 3 7 5 -5 -2 -1 -7 -10 -4 12 -12 -13
right_child=6 -3 10 4 -6 8 -8 -9 9 -11 11 13 -14 -15
leaf_value=-0.034573278000502139 0.031530886008411634 -0.044410462078123131 -0.014612802161719916 -0.033494139903660562 -0.012177699027738541 -0.047306597778829673 -0.047495244628703144 0.0082989607012894685 0.041474035646177042 -0.018718081333094279 -0.006686723984385157 -0.0068641952024459428 0.067919993321138947 0.043502627572549461
leaf_weight=31.921961785294116 3.4815144147723904 24.130118294619024 5.0912893190979949 7.4109324552118769 28.011260737664998 1.9969096183776844 39.105706503614783 14.512918235734103 52.924288488924503 4.8278605546802273 4.6947618313133708 14.975588329136373 31.108174780383706 13.378311539068816
leaf_count=896 54 1307 64 120 686 10 2377 228 477 82 53 225 211 95
internal_value=0.000111565 0.00760475 0.0137389 0.00239198 0.0140436 0.0249983 -0.0404597 -0.0212814 0.0326852 0.0362093 0.0365779 0.0408022 0.0582211 0.017573
internal_weight=277.572 234.984 210.854 141.606 95.1713 67.16 42.5872 46.4349 59.7491 57.7521 69.2481 64.1568 35.8029 28.3539
internal_count=6885 4454 3147 2499 1375 689 2431 1124 569 559 648 584 264 320
is_linear=0
shrinkage=0.05


Tree=42
num_leaves=15
num_cat=0
split_feature=6 56 36 116 125 34 115 47 62 11 122 6 127 47
split_gain=33.7151 28.1596 20.1755 14.7051 12.0602 11.7563 14.5688 10.0387 9.90382 9.13939 8.21072 8.19141 7.3602 6.96575
threshold=54.54191970825196 924.50000000000011 1413.7432861328127 1.8493428230285647 56.500000000000007 78.934288024902358 0.031512506306171424 0.48181630671024328 7.6992218494415292 0.0035057640634477143 -9.5055546760559064 31.143082618713382 -4.4666378498077384 0.65267038345336925
decision_type=8 2 10 2 2 10 2 8 2 10 10 10 8 8
left_child=1 2 3 5 13 7 10 -1 12 11 -7 -6 -4 -5
right_child=-2 -3 8 4 9 6 -8 -9 -10 -11 -12 -13 -14 -15
leaf_value=-0.027833758319195986 -0.041482788278701874 -0.043679999311995565 0.060457066881151239 -0.033922399823982041 0.038487222083347275 0.034486940491542391 0.068329298890416126 0.021580089687316631 0.041449790155815076 0.044186551073047114 -0.030516199942544831 -0.044891138501075505 -0.038124345547032791 0.052285016946593148
leaf_weight=18.279093837365508 40.126632330939174 23.141999681480229 1.5459450036287306 42.407432560808957 3.5881859995424765 9.5603636316955107 17.905216243118048 21.019675545394421 63.137309269979596 11.475006476044653 8.0142099224030954 7.5372900534421206 6.7229017578065378 1.6069288309663523
leaf_count=349 2398 1305 7 1316 61 60 121 200 588 84 92 209 86 16
internal_value=0.000307703 0.0075601 0.0133107 0.00230247 -0.0146656 0.0174122 0.0378537 -0.00152419 0.0347756 0.0145999 0.0047977 -0.0170436 -0.0151594 -0.0296834
internal_weight=276.068 235.942 212.8 141.393 66.6148 74.7786 35.4798 39.2988 71.4062 22.6005 17.5746 11.1255 8.26885 44.0144
internal_count=6892 4494 3189 2508 1686 822 273 549 681 354 152 270 93 1332
is_linear=0
shrinkage=0.05


Tree=43
num_leaves=15
num_cat=0
split_feature=46 56 116 94 123 5 5 100 122 6 5 59 137 113
split_gain=31.3958 29.8028 23.279 15.1138 14.1304 10.5699 15.2487 12.0943 9.32806 8.99052 8.60778 7.39331 7.17804 6.76183
threshold=3.2250500225927688e-05 924.50000000000011 1.8493428230285647 0.00050814318819902848 -200.55136108398435 106.33900833129884 504.26354980468756 0.20577339828014377 -29.941584587097164 32.575269699096687 68.730964660644545 30879.287109375004 65.37909317016603 94362.921875000015
decision_type=10 2 2 10 8 10 10 10 8 10 8 2 2 2
left_child=1 2 5 9 -2 10 -7 -8 -5 -4 12 -11 -1 -10
right_child=4 -3 3 8 -6 6 7 -9 13 11 -12 -13 -14 -15
leaf_value=0.037201134108323444 0.029341022725560356 -0.042955332870552108 0.055198303726568303 0.03462855350947016 -0.045844604308525577 0.063821424224717427 -0.023270479588164156 0.045171629997525879 0.0019492773215705921 0.023304238603200352 -0.041470158377636214 -0.044173562294288996 -0.012921742302092799 -0.033197326165450895
leaf_weight=20.646303776651624 6.5933641390874982 24.104581433348358 13.650708908215167 7.4144700588658452 42.56279159616679 37.874948089942336 11.584708350710573 12.38688758574426 20.165337302722037 11.378079649992289 5.7377680148929349 5.0409425869584075 10.041001055389641 40.895317043177783
leaf_count=116 162 1434 101 60 2506 290 155 95 362 109 68 186 77 1147
internal_value=0.000352393 0.00842573 0.0149038 -0.0022891 -0.035376 0.031994 0.0444402 0.0124884 -0.015231 0.026724 0.0102386 0.0012407 0.0209105 -0.0217457
internal_weight=270.077 220.921 196.816 98.5449 49.1562 98.2716 61.8465 23.9716 68.4751 30.0697 36.4251 16.419 30.6873 61.0607
internal_count=6868 4200 2766 1965 2668 801 540 250 1569 396 261 295 193 1509
is_linear=0
shrinkage=0.05


Tree=44
num_leaves=15
num_cat=0
split_feature=46 28 116 125 121 73 5 47 5 58 73 134 137 137
split_gain=31.2575 30.0805 20.5752 14.7179 11.2257 10.9854 13.632 15.5063 11.2481 10.5338 7.3668 6.981 6.93018 6.74829
threshold=2.7531500563782178e-05 926.50000000000011 1.8493428230285647 36.500000000000007 -52150.365234374993 101.8327980041504 504.26354980468756 0.15863515436649325 68.730964660644545 76853.617187500015 187.57407379150393 0.31814610958099371 68.826042175292983 95.292655944824233
decision_type=10 2 2 2 2 2 8 10 8 2 2 2 2 2
left_child=1 2 5 9 -2 8 -7 -8 12 11 -5 -4 -1 -14
right_child=4 -3 3 10 -6 6 7 -9 -10 -11 -12 -13 13 -15
leaf_value=0.038509684361654022 0.024500831264969127 -0.04490795527113061 0.049371119242824425 -0.00067838098334857132 -0.044626243377264382 0.061140372233722776 -0.030736980219619361 0.050295772065447275 -0.048729352356152777 -0.032132458142552993 0.041154976999504239 -0.013855840056341901 -0.036213924047796005 0.046646036741480594
leaf_weight=19.133637208491567 6.1436196798458687 22.512075341306627 7.0080709140747777 20.342690704390407 42.306441356427968 39.321783335879445 10.527661502361299 11.180724401026962 6.0175401195883742 38.667879486456513 20.732550408691168 8.8704430786892754 7.1190964970737678 2.5629933625459671
leaf_count=105 155 1414 82 440 2575 307 158 85 81 1098 174 175 65 13
internal_value=0.00030215 0.00854514 0.01503 -0.00140857 -0.0355425 0.0312725 0.0439077 0.0113752 0.00852713 -0.0182914 0.0209131 0.0153215 0.0217172 -0.0119663
internal_weight=262.447 213.997 191.485 95.6216 48.4501 95.8634 61.0302 21.7084 34.8333 54.5464 41.0752 15.8785 28.8157 9.68209
internal_count=6927 4197 2783 1969 2730 814 550 243 264 1355 614 257 183 78
is_linear=0
shrinkage=0.05


Tree=45
num_leaves=15
num_cat=0
split_feature=7 116 73 35 73 5 61 6 124 137 67 65 46 122
split_gain=27.5663 23.8857 16.8444 19.6693 16.2235 15.6746 14.5282 12.6374 10.8736 9.90164 8.09018 7.62689 9.13175 7.70972
threshold=135.88625335693362 1.9655681848526003 109.64814758300783 179.93079376220706 422.00912475585943 69.025253295898452 69.804363250732436 31.143082618713382 -0.03054910339415073 58.770200729370124 31.743314743041996 36.914140701293952 1.6935000530793334e-06 -4.2583003044128409
decision_type=8 2 2 8 2 10 2 10 8 2 2 2 10 10
left_child=1 2 5 -4 -5 9 -6 -3 -9 10 -1 12 -12 -13
right_child=-2 7 3 4 6 -7 -8 8 -10 -11 11 13 -14 -15
leaf_value=-0.025358695734423231 -0.040795308329799454 0.0163471856231284 -0.025301543985889904 0.061194683214724627 -0.03644895380843019 -0.04791936754544851 0.038393573718276924 0.022702269006484144 -0.037574944788725279 -0.011777670825270523 0.0082829631057807929 0.043727961549198176 0.089819231633118099 -0.046382848765679913
leaf_weight=4.4836106132715967 35.058170031756163 21.007789922878146 11.677886336110531 44.077832498587668 9.342388793826105 13.048386763781307 16.532497743144631 8.157206083647905 47.43898200057447 23.656878687441349 5.3759951526299146 4.090174312703315 9.7179255895316583 3.4492514431476549
leaf_count=74 2077 422 375 377 159 476 113 149 2081 413 38 29 58 70
internal_value=-0.000234266 0.00632367 0.0181832 0.033086 0.0430525 -0.00109447 0.0110202 -0.0161388 -0.0284861 0.0116322 0.0317476 0.0436545 0.0630976 0.00189872
internal_weight=257.115 222.057 145.453 81.6306 69.9527 63.8222 25.8749 76.604 55.5962 50.7738 27.117 22.6333 15.0939 7.53943
internal_count=6911 4834 2182 1024 649 1158 272 2652 2230 682 269 195 96 99
is_linear=0
shrinkage=0.05


Tree=46
num_leaves=15
num_cat=0
split_feature=17 36 125 113 116 123 38 3 48 69 7 108 32 114
split_gain=27.2719 20.0285 16.4814 15.307 13.4563 8.85362 8.80617 8.70551 10.5245 7.36026 10.0874 7.5857 7.33958 6.68101
threshold=0.0026514279888942842 1413.9710083007815 38.500000000000007 113990.14062500001 0.27721667289733892 -162.81632995605466 0.022562917321920398 14.502655982971193 3.0687000617035671e-05 42.858585357666023 31.47038555145264 0.26678860187530523 1429.262634277344 0.48009900748729711
decision_type=8 10 2 2 2 10 10 10 10 2 10 2 8 2
left_child=4 2 3 5 -1 6 -2 -4 -9 10 13 -11 -12 -3
right_child=1 9 7 -5 -6 -7 -8 8 -10 11 12 -13 -14 -15
leaf_value=0.0037291964600619436 0.030450160142347967 -0.045182020890090727 -0.0093412103556845521 -0.046269287325651831 -0.047384410598297795 -0.02215497886884504 -0.035285117915261316 0.04285005315023277 -0.027956834841054368 0.035625875416220747 0.063242196502295719 -0.018394676853731147 -0.033818040127652799 0.046356353045011504
leaf_weight=19.066355811432004 24.019978186115626 4.0427854331210247 18.328440893441439 27.152663604356349 37.797234101220965 25.272169031202793 5.5053907399997106 32.253549577668309 5.5150927156209937 12.613747651688756 28.939561878331006 11.557423705235122 1.4785173833370233 2.3251145035028458
leaf_count=344 280 77 470 1032 2738 796 122 334 180 132 231 190 15 12
internal_value=-0.000248139 0.00849888 -0.00208649 -0.0163031 -0.0304778 -0.000891446 0.0174386 0.0186038 0.0320562 0.0321179 0.0459409 0.0100914 0.0575982 -0.0100033
internal_weight=255.868 199.004 138.047 81.9502 56.8636 54.7975 29.5254 56.0971 37.7686 60.9572 36.786 24.1712 30.4181 6.3679
internal_count=6953 3871 3214 2230 3082 1198 402 984 514 657 335 322 246 89
is_linear=0
shrinkage=0.05


end of trees

feature_importances:
Column_116=25
Column_11=24
Column_36=23
Column_6=20
Column_122=19
Column_5=18
Column_28=18
Column_123=18
Column_128=18
Column_7=16
Column_46=16
Column_56=16
Column_124=16
Column_30=15
Column_48=15
Column_125=15
Column_65=14
Column_2=13
Column_112=13
Column_115=13
Column_114=12
Column_137=12
Column_1=11
Column_8=11
Column_49=11
Column_67=11
Column_73=11
Column_79=11
Column_35=10
Column_39=10
Column_31=8
Column_120=8
Column_121=8
Column_4=7
Column_42=7
Column_43=7
Column_57=7
Column_60=7
Column_113=7
Column_94=6
Column_129=5
Column_0=4
Column_20=4
Column_33=4
Column_34=4
Column_47=4
Column_69=4
Column_78=4
Column_80=4
Column_117=4
Column_118=4
Column_126=4
Column_134=4
Column_17=3
Column_59=3
Column_64=3
Column_119=3
Column_127=3
Column_3=2
Column_16=2
Column_18=2
Column_19=2
Column_27=2
Column_32=2
Column_37=2
Column_38=2
Column_40=2
Column_41=2
Column_45=2
Column_58=2
Column_61=2
Column_62=2
Column_68=2
Column_77=2
Column_92=2
Column_93=2
Column_97=2
Column_100=2
Column_104=2
Column_130=2
Column_12=1
Column_21=1
Column_25=1
Column_29=1
Column_51=1
Column_66=1
Column_70=1
Column_71=1
Column_75=1
Column_76=1
Column_82=1
Column_95=1
Column_101=1
Column_102=1
Column_103=1
Column_107=1
Column_108=1
Column_110=1
Column_111=1

parameters:
[boosting: gbdt]
[objective: cross_entropy]
[metric: cross_entropy]
[tree_learner: serial]
[device_type: cpu]
[data_sample_strategy: bagging]
[data: ]
[valid: ]
[num_iterations: 47]
[learning_rate: 0.05]
[num_leaves: 15]
[num_threads: 4]
[seed: 26006]
[deterministic: 1]
[force_col_wise: 0]
[force_row_wise: 1]
[histogram_pool_size: -1]
[max_depth: -1]
[min_data_in_leaf: 10]
[min_sum_hessian_in_leaf: 0.001]
[bagging_fraction: 0.8]
[pos_bagging_fraction: 1]
[neg_bagging_fraction: 1]
[bagging_freq: 1]
[bagging_seed: 19736]
[bagging_by_query: 0]
[feature_fraction: 0.8]
[feature_fraction_bynode: 1]
[feature_fraction_seed: 22478]
[extra_trees: 0]
[extra_seed: 25246]
[early_stopping_round: 0]
[early_stopping_min_delta: 0]
[first_metric_only: 0]
[max_delta_step: 0]
[lambda_l1: 0]
[lambda_l2: 1]
[linear_lambda: 0]
[min_gain_to_split: 0]
[drop_rate: 0.1]
[max_drop: 50]
[skip_drop: 0.5]
[xgboost_dart_mode: 0]
[uniform_drop: 0]
[drop_seed: 12177]
[top_rate: 0.2]
[other_rate: 0.1]
[min_data_per_group: 100]
[max_cat_threshold: 32]
[cat_l2: 10]
[cat_smooth: 10]
[max_cat_to_onehot: 4]
[top_k: 20]
[monotone_constraints: ]
[monotone_constraints_method: basic]
[monotone_penalty: 0]
[feature_contri: ]
[forcedsplits_filename: ]
[refit_decay_rate: 0.9]
[cegb_tradeoff: 1]
[cegb_penalty_split: 0]
[cegb_penalty_feature_lazy: ]
[cegb_penalty_feature_coupled: ]
[path_smooth: 0]
[interaction_constraints: ]
[verbosity: -1]
[saved_feature_importance_type: 0]
[use_quantized_grad: 0]
[num_grad_quant_bins: 4]
[quant_train_renew_leaf: 0]
[stochastic_rounding: 1]
[linear_tree: 0]
[max_bin: 255]
[max_bin_by_feature: ]
[min_data_in_bin: 3]
[bin_construct_sample_cnt: 200000]
[data_random_seed: 19427]
[is_enable_sparse: 1]
[enable_bundle: 1]
[use_missing: 1]
[zero_as_missing: 0]
[feature_pre_filter: 1]
[pre_partition: 0]
[two_round: 0]
[header: 0]
[label_column: ]
[weight_column: ]
[group_column: ]
[ignore_column: ]
[categorical_feature: ]
[forcedbins_filename: ]
[precise_float_parser: 0]
[parser_config_file: ]
[objective_seed: 10829]
[num_class: 1]
[is_unbalance: 0]
[scale_pos_weight: 1]
[sigmoid: 1]
[boost_from_average: 1]
[reg_sqrt: 0]
[alpha: 0.9]
[fair_c: 1]
[poisson_max_delta_step: 0.7]
[tweedie_variance_power: 1.5]
[lambdarank_truncation_level: 30]
[lambdarank_norm: 1]
[label_gain: ]
[lambdarank_position_bias_regularization: 0]
[eval_at: ]
[multi_error_top_k: 1]
[auc_mu_weights: ]
[num_machines: 1]
[local_listen_port: 12400]
[time_out: 120]
[machine_list_filename: ]
[machines: ]
[gpu_platform_id: -1]
[gpu_device_id: -1]
[gpu_device_id_list: ]
[gpu_use_dp: 0]
[num_gpu: 1]

end of parameters

pandas_categorical:null
