tree
version=v4
num_class=1
num_tree_per_iteration=1
label_index=0
max_feature_idx=137
objective=cross_entropy
feature_names=Column_0 Column_1 Column_2 Column_3 Column_4 Column_5 Column_6 Column_7 Column_8 Column_9 Column_10 Column_11 Column_12 Column_13 Column_14 Column_15 Column_16 Column_17 Column_18 Column_19 Column_20 Column_21 Column_22 Column_23 Column_24 Column_25 Column_26 Column_27 Column_28 Column_29 Column_30 Column_31 Column_32 Column_33 Column_34 Column_35 Column_36 Column_37 Column_38 Column_39 Column_40 Column_41 Column_42 Column_43 Column_44 Column_45 Column_46 Column_47 Column_48 Column_49 Column_50 Column_51 Column_52 Column_53 Column_54 Column_55 Column_56 Column_57 Column_58 Column_59 Column_60 Column_61 Column_62 Column_63 Column_64 Column_65 Column_66 Column_67 Column_68 Column_69 Column_70 Column_71 Column_72 Column_73 Column_74 Column_75 Column_76 Column_77 Column_78 Column_79 Column_80 Column_81 Column_82 Column_83 Column_84 Column_85 Column_86 Column_87 Column_88 Column_89 Column_90 Column_91 Column_92 Column_93 Column_94 Column_95 Column_96 Column_97 Column_98 Column_99 Column_100 Column_101 Column_102 Column_103 Column_104 Column_105 Column_106 Column_107 Column_108 Column_109 Column_110 Column_111 Column_112 Column_113 Column_114 Column_115 Column_116 Column_117 Column_118 Column_119 Column_120 Column_121 Column_122 Column_123 Column_124 Column_125 Column_126 Column_127 Column_128 Column_129 Column_130 Column_131 Column_132 Column_133 Column_134 Column_135 Column_136 Column_137
feature_infos=[0:79973] [0:107387464] [6.9524784088134766:1434.8333740234375] [0:696] [-1.203703761100769:1434.8333740234375] [6.9524784088134766:1443.69189453125] [6.9524784088134766:1443.69189453125] [6.9524784088134766:1443.69189453125] [6.9524784088134766:1443.69189453125] [0:1] [0:1] [0:1] [0:1] [0:1] [0:1] [0:1] [2.193200089095626e-05:1.9037708044052124] [0:0.99571478366851807] [0:1.9037708044052124] [2.193200089095626e-05:1.9915750026702881] [1.362500029244984e-06:1.9037708044052124] [1.8729999737843173e-06:1.9037708044052124] [2.0840000161115313e-06:1.9037708044052124] [0:27] [1:79973] [6.9524784088134766:107387464] [0:1.9999972581863403] [6.9524784088134766:107387464] [0:74896] [0:106034368] [6.9524784088134766:1442.8333740234375] [0:696] [-13.565573692321777:1442.8333740234375] [6.9524784088134766:1443.69189453125] [2.3641510009765625:1443.69189453125] [6.9524784088134766:1443.69189453125] [6.9524784088134766:1443.69189453125] [0:1] [0:1] [0:1] [0:1] [0:1] [0:1] [0:1] [2.2110000372776994e-06:1.9917522668838501] [0:0.93804830312728882] [0:1.9917522668838501] [2.3439999949914636e-06:1.9917522668838501] [1.6999990748445271e-08:1.9917522668838501] [1.623000002837216e-06:1.9917522668838501] [2.3439999949914636e-06:1.9917522668838501] [0:24] [1:74896] [6.9524784088134766:106034368] [0:1.9999806880950928] [6.9524784088134766:106034368] [1:79973] [0:25306] [6.9524784088134766:107387464] [0:14382488] [6.9524784088134766:1442.8333740234375] [6.9524784088134766:1430.1473388671875] [0:696] [0:696] [2.4344263076782227:1442.8333740234375] [-13.565573692321777:1430.1473388671875] [6.9524784088134766:1443.69189453125] [2.3641510009765625:1430.1473388671875] [6.9524784088134766:1443.69189453125] [6.9524784088134766:1430.1473388671875] [6.9524784088134766:1443.69189453125] [6.9524784088134766:1430.1473388671875] [6.9524784088134766:1443.69189453125] [6.9524784088134766:1442.8333740234375] [0:1] [0:1] [0:1] [0:1] [0:1] [0:1] [0:1] [0:1] [0:1] [0:1] [0:1] [0:1] [0:1] [0:1] [1.6063799193943851e-05:1.9917522668838501] [2.2110000372776994e-06:1.9037708044052124] [0:0.99571478366851807] [0:0.83213174343109131] [9.999965300266922e-10:1.9917522668838501] [0:1.9037708044052124] [1.4629999895987567e-06:1.9917522668838501] [1.6999990748445271e-08:1.9037708044052124] [1.9540000266715651e-06:1.9917522668838501] [1.623000002837216e-06:1.9037708044052124] [2.1193000065977685e-05:1.9917522668838501] [2.0840000161115313e-06:1.9037708044052124] [2.5266999728046358e-05:1.9917522668838501] [2.3439999949914636e-06:1.9915750026702881] [1:27] [0:21] [1:79973] [1:25306] [6.9524784088134766:107387464] [6.9524784088134766:7191244] [0:1.9999972581863403] [0:1.9998902082443237] [6.9524784088134766:107387464] [6.9524784088134766:14252031] [1:99122] [13.904956817626953:107755440] [0:1] [0:1] [0:1.9999974966049194] [0.5:100] [0.004999999888241291:0.81610339879989624] [0.0007995598716661334:0.62212282419204712] [-87137:87016] [-94248824:98197832] [-1392:1384] [-1392:1384] [-0.79955452680587769:0.80254775285720825] [-87016:92121] [-98197832:103789264] [-1384:1392] [-1384:1392] [-0.80254775285720825:0.79955452680587769] [0:1] [0:1] [0:1] [0:1] [0:1] [4:6] [0:1] [35.5:97.5]
tree_sizes=1702 1741 1735 1732 1734 1746 1739 1744 1741 1730 1746 1740 1749 1741 1748 1748 1741 1758 1750 1751 1761 1749 1748 1747 1747 1756 1756 1755 1754 1737 1750 1764 1739 1743 1752 1744 1740 1746 1755 1741 1757 1748 1757 1752 1756 1746 1751

Tree=0
num_leaves=15
num_cat=0
split_feature=46 100 5 132 112 116 72 61 7 132 59 102 30 128
split_gain=1695.43 395.696 359.373 193.441 216.895 164.211 126.895 99.9231 95.8081 104.829 89.8132 162.206 76.6462 69.034
threshold=2.7400000135457962e-06 0.020757902413606647 91.263515472412124 1.0000000180025095e-35 6788.0000000000009 1.6968343853950503 1425.1204833984377 119.58546066284181 32.696172714233406 0.99617826938629161 18293.734375000004 3.5000000000000004 1428.9470825195315 13.89053535461426
decision_type=8 10 10 2 2 2 2 2 10 2 2 2 10 8
left_child=1 6 8 4 10 -5 -1 -7 9 -3 -4 -12 13 -10
right_child=-2 2 3 5 -6 7 -8 -9 12 -11 11 -13 -14 -15
leaf_value=-0.92336455532005757 -1.1273202641708704 -1.0882675549812346 -1.1136015756761639 -1.1161370215987112 -0.93071592650147039 -0.9498790614228303 -1.1226273149021115 -1.0724257240825648 -0.91807631749214802 -0.92633221081695027 -1.0904717303064053 -0.96259846113459835 -1.1210717512586643 -1.0103482356625821
leaf_weight=123.20455646514893 602.67244338989258 29.561464786529541 159.44119071960449 25.174924850463867 22.504857063293457 79.720595359802246 8.0102033615112287 20.788384914398193 91.354462146759033 13.922496318817137 95.168844699859619 32.42225170135498 5.5308547019958487 28.035711765289307
leaf_count=646 3160 155 836 132 118 418 42 109 479 73 499 170 29 147
internal_value=-1.06522 -1.01427 -1.03149 -1.05556 -1.07682 -1.0035 -0.935879 -0.975058 -0.9697 -1.03449 -1.0887 -1.05744 -0.947562 -0.939117
internal_weight=1337.51 734.841 603.626 435.221 309.537 125.684 131.215 100.509 168.405 43.484 287.032 127.591 124.921 119.39
internal_count=7013 3853 3165 2282 1623 659 688 527 883 228 1505 669 655 626
is_linear=0
shrinkage=1


Tree=1
num_leaves=15
num_cat=0
split_feature=46 100 73 132 113 46 34 68 55 71 39 30 54 123
split_gain=1634.86 311.318 301.921 184.796 196.933 114.054 105.212 104.027 82.9927 72.8568 74.4879 71.5623 66.3664 64.7657
threshold=2.7400000135457962e-06 0.020757902413606647 85.826648712158217 1.0000000180025095e-35 4979637.7500000009 1.5934999737510227e-06 1358.6656494140627 1425.1204833984377 1566380.8125000002 1405.5205688476565 0.36230318248271948 1428.9470825195315 0.11349704116582872 18.770538330078129
decision_type=8 10 2 2 2 10 10 2 10 2 10 10 10 10
left_child=1 7 6 4 9 8 -3 12 -5 10 -4 13 -1 -8
right_child=-2 2 3 5 -6 -7 11 -9 -10 -11 -12 -13 -14 -15
leaf_value=-0.037029202735031699 -0.061825563469955797 -0.05439441742203921 -0.034634587636342189 0.10579594184819224 0.11125411205816001 -0.018833614471924619 0.11798954694214506 -0.057411858164002565 -0.028447340525662945 0.11700172939514251 0.078008802481693063 -0.051986038035558117 0.13157116256730811 0.028545065216835488
leaf_weight=5.6969302892684928 589.14059162139893 11.567720890045164 253.83729410171509 83.677136093378067 28.987501412630081 33.362611725926399 136.39016249775887 7.7801682651042929 12.894881099462507 7.9503161907196036 14.643538177013395 7.0694102346897116 132.65709102153778 24.625044345855713
leaf_count=28 3188 60 1350 421 144 173 680 42 67 40 76 38 652 125
internal_value=0.000651363 0.0490277 0.0333318 0.0107565 -0.0105164 0.0604581 0.0876765 0.114408 0.0877631 -0.0236406 -0.0282241 0.0977178 0.124413 0.104571
internal_weight=1350.28 761.14 615.006 435.353 305.419 129.935 179.652 146.134 96.572 276.431 268.481 168.085 138.354 161.015
internal_count=7084 3896 3174 2271 1610 661 903 722 488 1466 1426 843 680 805
is_linear=0
shrinkage=0.05


Tree=2
num_leaves=15
num_cat=0
split_feature=46 128 5 100 118 132 110 30 123 68 34 134 70 134
split_gain=1427.38 313.962 175.278 193.128 138.407 152.629 97.2376 79.6517 72.1749 65.2126 56.7601 52.6067 49.882 40.8807
threshold=2.7400000135457962e-06 21.330879211425785 91.263515472412124 0.020757902413606647 0.12735504657030108 1.0000000180025095e-35 9580245.5000000019 1428.9470825195315 396.03181457519537 1425.1204833984377 1344.7073364257815 0.50641027092933666 1359.8242187500002 1.0000000180025095e-35
decision_type=8 8 10 10 2 2 2 10 8 2 10 2 2 2
left_child=1 2 7 9 5 -5 8 10 -3 -4 -1 -7 -13 -12
right_child=-2 6 3 4 -6 11 -8 -9 -10 -11 13 12 -14 -15
leaf_value=-0.05493754571680072 -0.061235899441850185 0.0066927609313639008 0.1181270421091471 -0.025130406617512625 0.093196016721591043 -0.023495492435472849 0.1181537397540651 -0.05207446114877641 -0.055057838054529344 -0.053339730878825632 -0.044479527238863156 0.033000313285292411 0.12773773400503141 0.11534711711878072
leaf_weight=4.6771057546138755 570.96786314249039 118.16582775115967 80.579310610890388 148.90586440265179 52.596196711063385 13.543857365846632 13.062385752797125 7.5915099680423728 77.718029141426086 5.3939679265022269 3.6038933098316184 26.7827487885952 30.109575837850571 178.92269575595856
leaf_count=25 3191 604 376 802 262 68 62 42 417 30 17 130 146 847
internal_value=-0.00152819 0.0432529 0.062961 0.0419948 0.021165 0.0035481 -0.00893073 0.101072 -0.0179623 0.10688 0.107527 0.0636791 0.0844794 0.111966
internal_weight=1332.62 761.653 552.707 357.912 271.938 219.342 208.946 194.795 195.884 85.9733 187.204 70.4362 56.8923 182.527
internal_count=7019 3828 2745 1814 1408 1146 1083 931 1021 406 889 344 276 864
is_linear=0
shrinkage=0.05


Tree=3
num_leaves=15
num_cat=0
split_feature=46 19 5 132 59 116 63 31 61 68 18 64 8 51
split_gain=1361.83 252.344 223.347 157.303 145.326 124.349 104.397 82.0474 78.7429 75.2351 70.408 63.4215 75.4192 59.2392
threshold=2.8299999712544381e-06 0.016963362693786625 91.263515472412124 1.0000000180025095e-35 18956.476562500004 1.6968343853950503 9.5223612785339373 222.32842254638675 119.58546066284181 1425.1204833984377 0.00071243350976146768 32.797708511352546 180.30728149414065 3.5000000000000004
decision_type=8 8 10 2 2 2 2 10 2 2 10 2 10 2
left_child=1 9 10 4 -4 -5 -6 -8 -7 -1 13 -9 -13 -3
right_child=-2 2 3 5 6 8 7 11 -10 -11 -12 12 -14 -15
leaf_value=0.1108631004710629 -0.060579121312601451 0.047585033328381217 -0.045228489841370026 -0.052655030989248001 -0.038375829317262466 0.093296406102660975 0.10171913889570408 -0.04698072533098676 -0.010100114925932298 -0.054692930592031612 0.02737430089180052 -0.037222449299607135 0.11277712720815772 0.11792391873725368
leaf_weight=133.68859161436558 548.79905918240547 48.666869550943375 153.486512824893 22.682063579559326 45.944164916872978 94.511029690504074 44.747889220714569 25.070568412542343 22.584171801805496 6.6560561060905448 59.653398454189301 12.912343710660933 20.956726729869843 86.427530884742737
leaf_count=603 3171 231 850 124 245 443 219 130 114 38 286 69 104 398
internal_value=-0.000328075 0.0421967 0.0287445 0.00906503 -0.0111855 0.0527475 0.0238029 0.0514578 0.0734376 0.10268 0.0732245 0.0122382 0.0561634 0.0931206
internal_weight=1326.79 777.988 637.643 442.895 303.118 139.777 149.632 103.688 117.095 140.345 194.748 58.9396 33.8691 135.094
internal_count=7025 3854 3213 2298 1617 681 767 522 557 641 915 303 173 629
is_linear=0
shrinkage=0.05


Tree=4
num_leaves=15
num_cat=0
split_feature=93 100 9 118 116 68 137 59 74 68 128 109 68 36
split_gain=1126.43 233.186 189.502 149.067 112.432 98.9209 71.9642 69.9974 65.5959 65.3962 60.9449 56.562 49.3642 62.7377
threshold=2.7199999976801341e-06 0.020757902413606647 0.9993802309036256 0.12482075020670892 1.9324047565460207 1413.7432861328127 89.334369659423842 19989.721679687504 0.99731785058975231 1425.1204833984377 21.330879211425785 0.11317949369549753 1410.5380859375002 1369.4197387695315
decision_type=8 10 10 2 2 2 2 2 2 2 8 2 2 10
left_child=1 9 3 4 -3 6 8 -5 12 11 -4 -1 13 -6
right_child=-2 2 10 7 5 -7 -8 -9 -10 -11 -12 -13 -14 -15
leaf_value=-0.037310409840292963 -0.059923280528997563 -0.051232192934800108 0.080776196575232551 -0.032952195811538319 0.072384411334335028 -0.044000265721603302 -0.04219991936196478 0.0802834590927681 -0.040249014414929035 -0.054443226752512099 0.006470695244843859 0.1024632410831641 0.10964165479490706 0.00579041751456789
leaf_weight=7.1254969686269751 491.49548247456551 105.18864713609219 143.24340659379959 15.790683120489119 62.612629845738411 67.284893780946732 33.399422213435173 81.155838862061501 23.67346727848053 6.9756813794374457 34.350525736808777 147.92609840631485 26.015773668885231 80.081257686018944
leaf_count=35 2937 592 646 86 291 377 182 383 135 41 167 643 134 415
internal_value=5.97479e-05 0.0354037 0.0223646 0.00642683 -0.00714693 0.0087967 0.0246552 0.0616915 0.0364201 0.0890775 0.0665206 0.0958419 0.0473521 0.0353116
internal_weight=1326.32 834.824 672.797 495.203 398.256 293.067 225.783 96.9465 192.383 162.027 177.594 155.052 168.71 142.694
internal_count=7064 4127 3408 2595 2126 1534 1157 469 975 719 813 678 840 706
is_linear=0
shrinkage=0.05


Tree=5
num_leaves=15
num_cat=0
split_feature=46 129 74 110 112 60 47 29 4 35 33 113 92 5
split_gain=1128.39 213.818 120.566 112.327 103.332 84.3917 71.444 124.241 84.8352 69.7279 62.1077 53.8045 52.3749 50.0855
threshold=2.7400000135457962e-06 -0.071272939443588243 0.98150905966758739 9580245.5000000019 3906.0000000000005 1429.6291503906252 0.028628469444811348 1609683.0000000002 37.886302947998054 1413.7432861328127 1358.5483398437502 125464.60546875001 0.00036176950379740452 519.20397949218761
decision_type=8 10 2 2 2 2 10 2 10 10 10 2 10 10
left_child=1 3 4 -1 9 6 -4 8 10 11 -8 -3 -12 -9
right_child=-2 2 5 -5 -6 -7 7 13 -10 -11 12 -13 -14 -15
leaf_value=-0.038561796045034867 -0.058496129960085796 -0.020633367278121283 0.099673454818142826 0.10241713915701843 0.10981505547055037 -0.057209520755024168 -0.047081782482356338 -0.049761869936002096 -0.045253032756823408 -0.047368686810300188 0.092418646033974872 0.042625000914551292 0.036623812034798017 0.067772945693524878
leaf_weight=116.10770438611507 511.92156599462032 49.308527931571007 120.58725732564926 15.098097831010817 25.926833584904671 13.413714900612829 9.5148155093193036 35.533666372299194 15.155382275581358 46.732950866222382 181.19553019106388 101.38818407058716 57.130506947636604 11.10976806282997
leaf_count=637 3165 257 516 65 113 76 50 191 81 254 820 489 264 52
internal_value=-0.000618295 0.036528 0.0479949 -0.0216871 0.0179277 0.0630582 0.0669319 0.0539011 0.0672021 0.00536822 0.0742329 0.0219271 0.0792527 -0.0209319
internal_weight=1310.12 798.203 666.997 131.206 223.356 443.641 430.227 309.64 262.996 197.43 247.841 150.697 238.326 46.6434
internal_count=7030 3865 3163 702 1113 2050 1974 1458 1215 1000 1134 746 1084 243
is_linear=0
shrinkage=0.05


Tree=6
num_leaves=15
num_cat=0
split_feature=46 122 74 59 61 39 112 35 3 116 65 60 60 130
split_gain=1062.09 186.655 104.771 92.3697 75.3926 95.7797 71.3187 63.5386 52.473 50.4296 50.315 47.4725 50.9199 76.3737
threshold=2.8299999712544381e-06 -10.272963523864744 0.98212003707885753 33748.783203125007 50.53325271606446 0.0002881376567529515 4313.0000000000009 1413.7432861328127 10.243124961853029 1.9324047565460207 33.603672027587898 1429.6291503906252 1394.2315673828127 0.0076306217815727004
decision_type=8 10 2 2 2 10 2 10 10 2 2 2 2 2
left_child=1 3 6 9 5 11 7 10 -7 -1 -3 12 13 -4
right_child=-2 2 4 -5 -6 8 -8 -9 -10 -11 -12 -13 -14 -15
leaf_value=-0.058607958094638792 -0.057813129476154926 -0.0010357848023030952 0.061674818240741738 0.043217974734105838 0.11062664871539168 -0.0314659663650688 0.10148258583804977 -0.052564864576980244 0.066276331044479955 0.013641707720026387 0.062348399117882661 -0.052047924181437791 0.090369857737532977 -0.034147123840983805
leaf_weight=78.901868715882301 486.02902965247631 87.268308967351913 151.55737106502056 51.68218794465065 65.79616217315197 46.112962037324905 21.110842809081078 35.558848142623901 18.381385311484337 34.147580191493034 47.799480065703392 7.9219578206539145 132.72301195561886 23.421974122524261
leaf_count=460 3114 434 682 240 284 243 89 198 83 175 231 45 580 113
internal_value=0.000447262 0.0357654 0.0480073 -0.0116248 0.0612794 0.0524699 0.0169832 0.00599809 -0.00302206 -0.0368561 0.0216888 0.0637827 0.0669238 0.0487274
internal_weight=1288.41 802.384 637.652 164.732 445.915 380.119 191.737 170.627 64.4943 113.049 135.068 315.624 307.702 174.979
internal_count=6971 3857 2982 875 2030 1746 952 863 326 635 665 1420 1375 795
is_linear=0
shrinkage=0.05


Tree=7
num_leaves=15
num_cat=0
split_feature=29 40 105 76 68 42 118 132 134 72 131 34 93 137
split_gain=977.778 169.881 103.638 117.222 84.7342 75.345 73.4017 61.9136 47.0161 46.931 58.1687 61.0486 44.7298 43.6445
threshold=68858.328125000015 0.0003676669293781743 1414.5000000000002 0.009775778744369747 1413.9710083007815 0.00040758386603556579 0.25687661767005926 0.99617826938629161 0.92711213231086742 1409.474548339844 0.99619111418724071 174.98779296875003 5.6359999689448168e-06 54.879550933837898
decision_type=2 10 2 2 2 10 2 2 2 2 2 10 8 2
left_child=12 2 3 4 9 -6 -3 -5 -9 10 11 -2 -1 -13
right_child=1 6 -4 7 5 -7 -8 8 -10 -11 -12 13 -14 -15
leaf_value=-0.025976373330930325 -0.025327477026106882 -0.024321447236523987 0.091980438900597358 -0.028389760435331479 0.040146506863263987 -0.059896678442291344 0.069095605878618876 -0.042242426935370128 0.068356842272840321 0.10590251289419966 -0.066196961273739099 0.10622162753446318 -0.059422831987487428 0.052344402712473592
leaf_weight=135.55511482059956 17.969707831740379 132.18715074658394 112.61316202580929 81.475860252976418 64.338238298892975 25.459540516138077 23.9849973320961 11.977680057287214 38.170843869447708 62.104709222912788 8.5810965895652753 57.056978464126587 406.7261865735054 120.40673203766346
leaf_count=788 89 709 477 451 301 143 104 66 172 271 42 248 2705 534
internal_value=6.00866e-05 0.0367788 0.0488502 0.03872 0.0535934 0.0114349 -0.00962607 -0.00159913 0.0416314 0.067723 0.0556408 0.0613002 -0.0511254 0.0701648
internal_weight=1298.61 756.327 600.155 487.541 355.917 89.7978 156.172 131.624 50.1485 266.119 204.015 195.433 542.281 177.464
internal_count=7100 3607 2794 2317 1628 444 813 689 238 1184 913 871 3493 782
is_linear=0
shrinkage=0.05


Tree=8
num_leaves=15
num_cat=0
split_feature=46 40 105 132 10 69 5 61 89 63 85 70 33 68
split_gain=901.658 163.236 104.876 121.542 115.397 72.7512 76.1072 59.5734 61.7289 57.9123 55.4555 47.0073 46.4872 44.5284
threshold=2.8299999712544381e-06 0.00041952174797188496 1414.5000000000002 1.0000000180025095e-35 0.0086413267999887484 34.53808784484864 98.53808975219728 127.05452346801759 0.0014798415359109642 9.0463266372680682 1.0000000180025095e-35 1358.5483398437502 1427.2327270507815 1425.603698730469
decision_type=8 10 2 2 10 2 10 2 10 2 2 2 10 2
left_child=1 2 3 4 5 -1 -7 8 -5 -8 -3 -10 -13 -4
right_child=-2 10 13 7 -6 6 9 -9 11 -11 -12 12 -14 -15
leaf_value=-0.02952589316998579 -0.055891606702218738 -0.020467589798011287 0.090932237880394895 -0.038686399774581 -0.031444871948626552 0.068465760584817917 -0.04660008187395321 -0.013334490826817506 -0.060919441384182454 0.035897761451429533 0.089782725190864332 0.093684665780521731 -0.056357336850034148 -0.049867299886089365
leaf_weight=39.135701984167099 454.55339775979519 156.19218891859055 116.42085909843445 10.474645659327505 93.650415346026421 130.30941505730152 30.180161625146866 20.84091529250145 4.7777768522500983 66.088790252804756 11.313052743673323 145.70350012183189 4.7239564359188071 5.2922158986330023
leaf_count=189 3125 829 478 55 526 552 174 103 22 318 52 620 25 31
internal_value=0.000703895 0.0315393 0.0425995 0.0331301 0.016051 0.032846 0.0437016 0.0657749 0.0757463 0.00982163 -0.0125328 0.0836675 0.0886318 0.0844536
internal_weight=1289.66 835.104 667.598 545.885 359.364 265.714 226.578 186.521 165.68 96.269 167.505 155.205 150.427 121.713
internal_count=7099 3974 3093 2584 1759 1233 1044 825 722 492 881 667 645 509
is_linear=0
shrinkage=0.05


Tree=9
num_leaves=15
num_cat=0
split_feature=46 128 47 5 5 112 36 137 74 2 137 28 7 122
split_gain=850.409 149.609 77.2895 90.0841 103.377 73.8487 72.1089 66.7995 53.8435 48.6816 54.9267 41.6513 38.2292 37.8278
threshold=2.8299999712544381e-06 224.27568054199222 0.020750052295625213 91.263515472412124 123.88419723510744 6788.0000000000009 1413.7432861328127 89.334369659423842 0.94290870428085338 37.79124832153321 58.97474670410157 3351.5000000000005 46.797708511352546 -5.528827190399169
decision_type=8 8 10 10 10 2 10 2 2 10 2 2 10 10
left_child=1 2 -1 9 12 13 7 8 -6 10 -4 -8 -5 -3
right_child=-2 5 3 4 6 -7 11 -9 -10 -11 -12 -13 -14 -15
leaf_value=0.070845882893292786 -0.055613952406553924 -0.056112815921665095 -0.05928518803740826 -0.051045475442195822 0.02973920774347329 0.081515365702654163 -0.026687655896332669 -0.034354462582538152 0.089174263154555289 0.071515442000309556 0.049567335440558496 0.086337779702716069 0.012750376941386365 0.0055228624737565998
leaf_weight=152.80054546892643 440.31056100130081 70.269661009311676 16.156221732497215 63.197944477200508 75.580364435911179 14.68567009270191 58.784227043390274 20.422062993049622 79.036024406552315 148.73692020773888 34.882357895374298 8.4513805955648404 36.496197685599327 37.99947464466095
leaf_count=634 3140 427 78 345 358 60 334 113 349 621 152 35 183 194
internal_value=0.00033222 0.0304963 0.039489 0.0305305 0.0148709 -0.02021 0.0324702 0.0492997 0.0604987 0.0571284 0.014633 -0.0114235 -0.0277963 -0.0346278
internal_weight=1257.81 817.499 694.544 541.744 341.968 122.955 242.274 175.038 154.616 199.775 51.0386 67.2356 99.6941 108.269
internal_count=7023 3883 3202 2568 1717 681 1189 820 707 851 230 369 528 621
is_linear=0
shrinkage=0.05


Tree=10
num_leaves=15
num_cat=0
split_feature=46 124 9 112 85 30 35 5 137 2 61 39 75 76
split_gain=777.464 143.428 85.5467 96.154 71.4736 67.3499 62.2066 52.8583 49.2671 55.0943 45.5931 80.5509 49.2852 42.9778
threshold=2.8299999712544381e-06 0.080282349139451994 0.98840314149856578 3779.0000000000005 1.8746215573628436e-05 1428.9470825195315 1413.7432861328127 126.55887603759767 89.115234375000014 52.275314331054695 50.53325271606446 0.00040891449316404765 0.0040315028745681056 0.071382250636816039
decision_type=8 8 8 2 2 10 10 10 2 10 2 10 2 2
left_child=1 2 3 6 -3 10 7 -1 13 -10 11 -4 -13 -9
right_child=-2 4 5 -5 -6 -7 -8 8 9 -11 -12 12 -14 -15
leaf_value=-0.03263166087712565 -0.055141093680810473 -0.037984459664577773 0.057582901363753582 0.086840294079984073 0.089420729718927727 -0.056432630607406387 -0.047885749549410453 0.067469585545507388 0.063327929087869744 -0.044382886264250992 0.09565149835350778 -0.040430758431718394 0.06075693122138609 -0.01181754508748286
leaf_weight=43.013176396489143 422.26081000268459 99.777467474341393 299.01180079579353 39.118812546133995 11.403169602155684 13.384816020727156 46.842286258935928 77.249937251210213 16.59855130314827 35.558563619852066 57.760972797870636 37.220358610153198 16.579233705997467 21.523056283593178
leaf_count=229 3126 576 1270 160 48 78 275 352 74 181 238 205 74 112
internal_value=-0.000152495 0.0283689 0.036701 0.0151723 -0.0242366 0.0508454 0.0032179 0.0157431 0.0296533 -0.00955836 0.0544714 0.0474782 -0.00870842 0.0502473
internal_weight=1237.3 815.042 703.862 279.904 111.181 423.957 240.786 193.943 150.93 52.1571 410.572 352.811 53.7996 98.773
internal_count=6998 3872 3248 1383 624 1865 1223 948 719 255 1787 1549 279 464
is_linear=0
shrinkage=0.05


Tree=11
num_leaves=15
num_cat=0
split_feature=29 123 129 74 60 100 29 9 5 65 39 7 6 125
split_gain=702.896 137.36 79.2382 77.6266 65.335 59.5233 78.7497 74.1691 70.5346 51.648 43.5431 40.9682 51.1153 30.5937
threshold=38810.146484375007 16.560726165771488 -0.036781191825866692 0.93284443020820629 1429.6291503906252 0.021596560254693035 1662541.1875000002 0.99034851789474498 126.55887603759767 37.931547164916999 0.00044752850953955209 32.696172714233406 30.832298278808597 -792.49999999999989
decision_type=2 8 10 2 2 10 2 10 10 2 10 10 10 2
left_child=13 3 -3 -2 5 -5 7 8 -7 11 -8 12 -9 -1
right_child=1 2 -4 4 -6 6 10 9 -10 -11 -12 -13 -14 -15
leaf_value=0.045574408913815589 -0.001759477468768607 -0.042800641815972797 0.017304552722063826 0.078830213938521076 -0.056001671262499303 -0.036657170390846761 0.053046408453758721 0.075356937027519597 0.058890195862307218 -0.060934278265611534 -0.048723655125459488 0.080237369989820104 -0.034569574020835867 -0.054968605850218434
leaf_weight=6.9974845945835105 95.179208442568779 89.069800734519958 139.23699590563774 135.08450609445572 13.982275515794752 41.601722776889801 13.947910130023955 21.235949724912643 34.353742659091949 7.1929249316453925 34.80052275955677 163.64149989187717 19.32734289765358 410.80251571536064
leaf_count=51 488 535 668 546 84 227 62 88 160 39 201 678 91 3120
internal_value=-0.00059285 0.0266089 -0.0062288 0.0395157 0.0475999 0.0507863 0.0393146 0.0492605 0.00676145 0.0644268 -0.0191242 0.0691179 0.0234083 -0.0531799
internal_weight=1226.45 808.654 228.307 580.348 485.168 471.186 336.102 287.353 75.9555 211.398 48.7484 204.205 40.5633 417.8
internal_count=7038 3867 1203 2664 2176 2092 1546 1283 387 896 263 857 179 3171
is_linear=0
shrinkage=0.05


Tree=12
num_leaves=15
num_cat=0
split_feature=46 129 74 110 95 132 7 71 120 8 59 136 35 35
split_gain=648.469 111.861 67.4265 61.9674 57.9782 66.3642 54.4593 51.4035 42.927 38.3078 35.6986 54.3529 34.8816 33.123
threshold=2.8299999712544381e-06 -0.081489562988281236 0.94290870428085338 9580245.5000000019 1.9333999716764087e-06 0.99617826938629161 34.53808784484864 53.886302947998054 -46.499999999999993 175.1664962768555 15802.372070312502 1.0000000180025095e-35 1358.6656494140627 1413.9710083007815
decision_type=8 10 2 2 10 2 10 2 2 10 2 2 10 10
left_child=1 3 9 8 10 6 -6 -8 -1 -3 11 -4 -7 -11
right_child=-2 2 4 -5 5 12 7 -9 -10 13 -12 -13 -14 -15
leaf_value=0.025725793748724454 -0.053289670222844421 -0.021590666248344697 -0.032971907992443004 0.070331597760221284 -0.038316258574626526 -0.060020883655592022 0.04081627535929451 -0.020477426580085625 -0.051236464350987214 0.040321807485563306 0.069107995789289903 0.069491467488123557 0.071066501228517973 -0.04294025738729651
leaf_weight=22.658965051174164 392.35250706225634 75.994479328393936 23.778953641653061 15.481043204665182 43.486847639083862 4.6763771623373023 122.16127009689808 46.648210138082504 80.055093035101891 72.071017384529114 189.85010786354542 26.27871099114418 79.988117650151253 13.426522672176359
leaf_count=116 3128 401 120 63 222 22 552 243 501 327 807 110 334 78
internal_value=-0.000539598 0.0248408 0.0324496 -0.0200108 0.0409569 0.0260489 0.0110021 0.0238577 -0.0341741 0.00408952 0.0592256 0.0211257 0.0632099 0.0269011
internal_weight=1208.91 816.556 698.361 118.195 536.869 296.961 212.296 168.809 102.714 161.492 239.908 50.0577 84.6645 85.4975
internal_count=7024 3896 3216 680 2410 1373 1017 795 617 806 1037 230 356 405
is_linear=0
shrinkage=0.05


Tree=13
num_leaves=15
num_cat=0
split_feature=29 40 57 10 118 137 68 130 134 33 65 39 36 33
split_gain=623.267 115.277 78.4277 81.239 59.6774 53.184 51.3938 48.3818 62.2544 51.7714 54.8403 47.0201 67.2448 41.8391
threshold=38810.146484375007 0.0003676669293781743 622.50000000000011 0.010647745802998545 0.26694495975971227 65.110439300537124 1425.603698730469 0.0086294354405254143 0.061868688091635711 1358.5483398437502 37.931547164916999 0.00045924421283416455 1413.9710083007815 1435.919616699219
decision_type=2 10 2 10 2 2 2 2 2 10 2 10 10 10
left_child=-1 2 3 7 -3 -5 11 9 13 -2 -11 -4 -13 -9
right_child=1 4 6 5 -6 -7 -8 8 -10 10 -12 12 -14 -15
leaf_value=-0.051862819722781145 -0.058992643539603686 -0.025729485699503882 0.077540142740841242 -0.053727780281508847 0.054597844492706854 0.015626784193245383 -0.055429244709867986 -0.018719786806538404 -0.043982370694623629 0.056586758113814431 -0.054784669398848344 0.054119379632839061 -0.051824718143129125 0.09682655896692427
leaf_weight=385.71153810620308 10.481126472353933 136.9600216448307 154.229417309165 49.315039440989494 26.811111003160477 60.59292958676815 9.0974177867174131 12.802446320652964 38.533214122056961 207.18682987242937 10.904238052666186 65.827054053544998 18.441494286060333 18.116574317216873
leaf_count=3150 54 771 629 305 113 312 54 69 188 898 62 290 101 73
internal_value=0.000466764 0.0251358 0.0344998 0.0209428 -0.0123275 -0.015696 0.056662 0.034462 -0.00207447 0.0455244 0.0507937 0.0611512 0.0305985 0.0498954
internal_weight=1205.01 819.299 655.528 407.932 163.771 109.908 247.595 298.024 69.4522 228.572 218.091 238.498 84.2685 30.919
internal_count=7069 3919 3035 1961 884 617 1074 1344 330 1014 960 1020 391 142
is_linear=0
shrinkage=0.05


Tree=14
num_leaves=15
num_cat=0
split_feature=46 123 116 31 32 92 75 76 9 110 128 36 125 30
split_gain=579.686 114.949 70.1947 54.2779 71.9903 55.431 62.5631 76.7513 54.3649 49.6753 48.5332 38.4981 33.9579 25.9938
threshold=2.8299999712544381e-06 31.119431495666507 1.9324047565460207 69.157295227050795 37.886302947998054 0.00057910950272344064 0.0040315028745681056 0.0044685010798275479 0.9891500473022462 9580245.5000000019 21.330879211425785 1413.7432861328127 -725.99999999999989 1428.9470825195315
decision_type=8 8 2 10 10 10 2 2 10 2 10 10 2 10
left_child=1 3 9 10 5 6 7 -5 11 -3 -1 -8 -2 -10
right_child=12 2 -4 4 -6 -7 8 -9 13 -11 -12 -13 -14 -15
leaf_value=0.067526614307322305 0.057415293814961701 -0.052761911035532551 0.019639490816584778 -0.033268270294474052 -0.028886565756296008 -0.047424312147318709 0.034004538762738894 0.075696453587675322 0.067600387584806382 0.052449660076420129 -0.019444379597181323 -0.037152331538644535 -0.054185855527714745 -0.043694398988793341
leaf_weight=147.05947379767895 6.172126241028308 87.166758581995964 98.947260767221451 57.797377064824104 54.49336251616478 20.045222625136375 104.39113548398018 21.28749193251133 172.09309221804142 12.039165601134298 17.551598876714706 22.323389619588852 364.86878260970116 4.7648723423480979
leaf_count=624 49 562 472 291 299 107 485 89 712 49 83 129 3137 29
internal_value=-0.000406435 0.0230567 -0.0100678 0.0336118 0.0246542 0.0319529 0.0362238 -0.00335897 0.0465128 -0.0395979 0.0581919 0.021276 -0.0521801 0.0643731
internal_weight=1191 819.96 198.153 621.807 457.196 402.703 382.657 79.0849 303.572 99.2059 164.611 126.715 371.041 176.858
internal_count=7117 3931 1083 2848 2141 1842 1735 380 1355 611 707 614 3186 741
is_linear=0
shrinkage=0.05


Tree=15
num_leaves=15
num_cat=0
split_feature=29 40 105 132 10 94 118 69 25 33 65 119 33 70
split_gain=529.922 98.8449 70.8082 75.5613 77.3016 73.7925 58.4651 47.2314 44.4188 36.1642 43.3955 39.5723 33.0289 31.2233
threshold=38810.146484375007 0.0003676669293781743 1188.5000000000002 1.0000000180025095e-35 0.0096659576520323771 0.00011187100244569594 0.25687661767005926 34.53808784484864 43629.023437500007 1394.5828247070315 37.931547164916999 0.1771388724446297 1427.2327270507815 1358.5483398437502
decision_type=2 10 2 2 10 10 2 2 10 10 2 2 10 2
left_child=-1 2 3 4 7 -5 -3 -2 9 11 -11 -9 13 -7
right_child=1 6 -4 5 -6 12 -8 8 -10 10 -12 -13 -14 -15
leaf_value=-0.050139692268606539 -0.030341466765436864 -0.026241797899524768 0.061731777393097945 -0.027150377422329487 -0.037012449791996464 -0.057799481382820407 0.052623711388978867 -0.036429464526030977 -0.022816380950775771 0.06029592040574358 -0.041994448905013741 0.087347197602994156 -0.057773094891025889 0.06855089160524773
leaf_weight=359.9819505661726 36.821334905922413 132.34801065921783 147.86454303562641 27.671911127865314 74.171143181622028 4.3318300843238822 27.563225373625755 25.249281585216522 31.99853678047657 125.80032023787498 10.597954325377939 7.5683270543813697 4.9738812893629065 149.69285610318184
leaf_count=3163 184 765 624 155 462 21 116 111 166 551 63 31 27 618
internal_value=0.000222899 0.0227323 0.0314261 0.0223381 0.00724101 0.0474149 -0.0124055 0.0211274 0.0306494 0.0408344 0.0521003 -0.00614555 0.0604807 0.0646475
internal_weight=1166.64 806.653 646.742 498.877 312.207 186.67 159.911 238.036 201.214 169.216 136.398 32.8176 158.999 154.025
internal_count=7057 3894 3013 2389 1568 821 881 1106 922 756 614 142 666 639
is_linear=0
shrinkage=0.05


Tree=16
num_leaves=15
num_cat=0
split_feature=46 124 67 132 100 36 35 35 9 56 116 56 5 50
split_gain=491.491 86.4696 54.2864 72.8057 53.2404 70.8064 60.9355 40.2773 39.1182 40.7702 37.6489 43.985 35.013 32.6655
threshold=2.8299999712544381e-06 0.080282349139451994 32.797708511352546 0.99617826938629161 0.019771343097090725 1413.7432861328127 1405.148864746094 1358.6656494140627 0.9891500473022462 3335.0000000000005 1.9324047565460207 6123.5000000000009 69.832798004150405 0.019165534526109699
decision_type=8 8 2 2 10 10 10 10 10 2 2 2 10 10
left_child=1 2 3 8 -4 6 12 -5 9 -1 11 -3 -6 -9
right_child=-2 10 4 7 5 -7 -8 13 -10 -11 -12 -13 -14 -15
leaf_value=-0.043160385635588078 -0.050924118817993171 -0.053818291547464148 0.073514729364978701 -0.024507758585722565 0.055488852366318203 -0.020268150685466238 0.079493632682056656 0.014792599893386908 0.011497353592777872 0.079230619513825651 0.033316215950871156 0.043308770381198153 0.0052398260004621437 0.07548234573578072
leaf_weight=74.68718608468771 341.72894796729088 68.03518583625555 89.594358786940575 17.983982086181641 53.448441356420517 57.023784160614014 71.781024843454361 33.712436646223068 131.07978737354279 6.5602910369634619 23.326441451907158 13.239947766065596 96.076854377985001 67.176880970597267
leaf_count=445 3164 461 371 83 219 319 304 140 608 27 110 54 462 276
internal_value=-0.000781989 0.0205743 0.0269164 0.0121772 0.0401154 0.0291395 0.0419042 0.0433323 -0.00538662 -0.0324348 -0.021668 -0.0376619 0.0234509 0.0555469
internal_weight=1145.46 803.727 699.125 331.201 367.924 278.33 221.306 118.873 212.327 81.2475 104.602 81.2751 149.525 100.889
internal_count=7043 3879 3254 1579 1675 1304 985 499 1080 472 625 515 681 416
is_linear=0
shrinkage=0.05


Tree=17
num_leaves=15
num_cat=0
split_feature=46 128 31 64 124 92 75 76 34 116 30 67 32 40
split_gain=456.275 87.0525 46.0232 49.8169 44.9804 44.3071 46.0715 59.2747 47.8608 28.72 27.4454 27.1388 34.9583 24.8807
threshold=6.4719999954832028e-06 21.330879211425785 69.157295227050795 37.886302947998054 0.025142981670796875 0.00075296798604540538 0.0033919903216883544 0.0039643251802772292 181.05010223388675 1.9769615530967715 1430.3109130859377 32.745433807373054 1413.9710083007815 0.00074418730218894791
decision_type=8 8 10 2 8 10 2 2 10 2 10 2 10 10
left_child=1 2 11 5 13 6 7 -4 -8 -6 -10 -1 -13 -3
right_child=-2 4 3 -5 9 -7 8 -9 10 -11 -12 12 -14 -15
leaf_value=0.020882594446866073 -0.051748944705636381 0.022346490176872735 -0.038249430259817918 -0.023284639723232345 -0.048113085537721992 -0.047847470113700608 -0.0075621190565530062 0.067724113675288813 0.048923379701163033 0.030627724079186899 -0.053666776299596111 0.072369917062071396 -0.058914350293565725 -0.033263324591530023
leaf_weight=49.825956091284752 316.29250086098909 95.446842402219772 45.848652318120003 56.536432765424252 74.15387062728405 18.179632492363453 48.193663984537125 17.381166875362396 259.16944985091686 12.982362627983091 5.9018137902021399 101.10301759839058 4.6148000955581656 24.47412696480751
leaf_count=228 3051 463 237 323 514 100 249 73 1134 62 37 434 25 141
internal_value=-0.000882375 0.0189264 0.0284675 0.0203035 -0.00903474 0.0265905 0.0303021 -0.00851763 0.0381397 -0.0361672 0.0464461 0.051869 0.0661407 0.0108161
internal_weight=1130.1 813.812 606.755 451.211 207.057 394.674 376.495 63.2298 313.265 87.1362 265.071 155.544 105.718 119.921
internal_count=7071 4020 2840 2153 1180 1830 1730 310 1420 576 1171 687 459 604
is_linear=0
shrinkage=0.05


Tree=18
num_leaves=15
num_cat=0
split_feature=29 19 132 10 53 118 20 18 33 33 39 68 79 5
split_gain=426.204 70.3454 75.5564 64.5854 62.753 58.1847 50.8545 47.3562 36.8656 37.0676 34.6719 30.7914 29.49 27.6268
threshold=38810.146484375007 0.015941721387207512 1.0000000180025095e-35 0.0086413267999887484 401877.00000000006 0.2157053276896477 0.00012148335008532742 0.00058805799926631163 1359.4380493164065 1427.2327270507815 0.00036479714617598807 1425.1204833984377 0.047316236421465881 53.832799911499031
decision_type=2 10 2 10 10 2 10 10 10 10 8 2 2 10
left_child=-1 11 3 4 7 -5 -4 -3 12 -10 -6 -2 -8 -9
right_child=1 2 6 5 10 -7 8 13 9 -11 -12 -13 -14 -15
leaf_value=-0.049689586529477497 0.057223518242369813 0.043766129036277662 -0.010740968418060503 -0.040480224842665405 0.0123220237342038 0.066766173643688823 0.03054937131477934 0.019667284516447291 0.070050697256959601 -0.056368910609724099 -0.043011903254399783 -0.051106009202770433 -0.064962888361539295 -0.055533937046449967
leaf_weight=322.82663080096245 125.01052622497082 145.42432757467031 45.38476238399744 118.66064124554396 52.463956415653229 13.234171032905577 41.212143510580063 27.14911987632513 112.50514614582062 5.3920504897832862 59.606327921152115 6.1725937128067008 9.0207249969243986 20.668516263365746
leaf_count=3169 525 637 253 784 238 59 174 123 466 32 362 42 43 107
internal_value=-0.00144545 0.0185112 0.0117356 -0.000189027 0.0124406 -0.0292978 0.0360402 0.0296471 0.0486571 0.0638434 -0.0172283 0.0517782 0.0124642 -0.0133092
internal_weight=1104.73 781.905 650.722 437.207 305.312 131.895 213.515 193.242 168.13 117.897 112.07 131.183 50.2329 47.8176
internal_count=7014 3845 3278 2310 1467 843 968 867 715 498 600 567 217 230
is_linear=0
shrinkage=0.05


Tree=19
num_leaves=15
num_cat=0
split_feature=46 128 31 75 48 76 112 18 73 123 5 34 126 2
split_gain=424.554 73.5964 40.0933 45.198 49.1162 42.0941 36.2204 34.36 35.2588 33.3242 26.7439 27.1175 25.7566 24.9332
threshold=2.7400000135457962e-06 22.750803947448734 69.157295227050795 0.0035354890860617165 1.5130499946280909e-06 0.0055025110486894855 6788.0000000000009 0.00071243350976146768 92.371795654296889 171.42915344238284 119.61271286010744 181.05010223388675 -221631.81249999997 37.79124832153321
decision_type=8 8 10 2 10 2 2 10 2 8 10 10 2 10
left_child=1 2 13 5 -5 -4 9 8 -6 -3 -10 -12 -2 -1
right_child=12 6 3 4 7 -7 -8 -9 10 -11 11 -13 -14 -15
leaf_value=0.011686920467008241 0.043056922003804801 0.0023138352410820087 -0.032281584612041801 0.068384308405935498 0.050496594558844338 0.040488160913384974 0.057998899974921803 -0.047068170723053311 -0.018660081290243848 -0.043211079962860693 -0.004507734481878598 0.041945065092220513 -0.051062391890763725 0.06183040691942137
leaf_weight=32.08724158257246 6.7285018414258948 111.86387183517218 63.879549294710159 64.514831647276878 87.610665917396545 27.687176138162613 18.410866662859917 16.905559383332729 50.678718566894531 61.662168823182583 51.263001538813114 79.428216829895973 304.79687087982893 116.65815450251102
leaf_count=146 62 556 345 277 373 130 76 96 257 446 264 372 3161 506
internal_value=0.000375748 0.0200261 0.0287541 0.0211137 0.0292702 -0.0100784 -0.00684546 0.0202359 0.0246247 -0.0140183 0.0119189 0.0238283 -0.0488983 0.0511638
internal_weight=1094.18 782.65 590.713 441.968 350.401 91.5667 191.937 285.886 268.981 173.526 181.37 130.691 311.525 148.745
internal_count=7067 3844 2766 2114 1639 475 1078 1362 1266 1002 893 636 3223 652
is_linear=0
shrinkage=0.05


Tree=20
num_leaves=15
num_cat=0
split_feature=29 100 70 121 14 134 126 18 130 101 116 101 68 114
split_gain=370.203 66.2085 58.0507 66.2658 50.798 39.6651 34.8313 34.1637 36.8867 31.1862 30.8115 32.4613 30.0314 29.3134
threshold=50837.037109375007 0.020757902413606647 1358.5483398437502 60651.160156250007 1.8859723240893803e-05 0.99585920572280895 -412833.31249999994 0.000198212503164541 1.0000000180025095e-35 0.043405663222074516 1.903779983520508 0.039899608120322234 1425.1204833984377 0.51028877496719371
decision_type=2 10 2 2 10 2 2 10 2 10 2 10 2 2
left_child=6 12 -3 5 10 7 13 9 -9 -4 -5 -12 -2 -1
right_child=1 2 3 4 -6 -7 -8 8 -10 -11 11 -13 -14 -15
leaf_value=-0.039186404416674647 0.051649105836421953 -0.061852907303030197 0.0074774677754989513 -0.048045873230541991 0.061684333635135813 0.089020532311299819 -0.049027747270257403 0.019415682729679005 -0.043782939741371027 0.042622599277491069 -0.036054790024746146 0.020417937513917562 -0.051251517753675771 0.14097333121397868
leaf_weight=3.7496134042739859 152.83299586176872 25.257242500782013 97.063471250236034 60.499407514929771 20.515855580568314 22.324853748083115 300.28246084600687 61.762760065495968 35.533997602760792 182.17286223173141 42.770912483334541 59.802064627408981 6.6618868187069884 3.6239422485232353
leaf_count=32 652 169 492 435 91 95 3135 291 200 824 244 285 47 26
internal_value=-9.78055e-05 0.0184851 0.0109209 0.0141773 -0.0106415 0.025599 -0.0463476 0.0216129 -0.00387585 0.0304763 -0.0200612 -0.00325083 0.0470585 0.0556194
internal_weight=1074.85 767.198 607.703 582.446 183.588 398.858 307.656 376.533 97.2968 279.236 163.072 102.573 159.495 7.37356
internal_count=7018 3825 3126 2957 1055 1902 3193 1807 491 1316 964 529 699 58
is_linear=0
shrinkage=0.05


Tree=21
num_leaves=15
num_cat=0
split_feature=46 128 110 97 130 72 7 116 132 71 70 32 59 82
split_gain=349.609 64.3156 38.8957 37.4958 42.6457 37.9454 40.3916 35.0108 32.7619 26.9102 27.9249 25.623 24.02 22.0136
threshold=1.4076000297791326e-05 13.89053535461426 9580245.5000000019 3.1127500506045185e-06 0.0086294354405254143 1405.148864746094 42.858585357666023 0.83209568262100231 0.99617826938629161 53.886302947998054 1358.5483398437502 43.019151687622077 20824.841796875004 0.0020254174014553432
decision_type=8 8 2 10 2 2 10 2 2 2 2 10 2 2
left_child=1 3 7 11 9 -6 -7 -3 12 10 -5 -1 -9 -11
right_child=-2 2 -4 4 5 6 -8 8 -10 13 -12 -13 -14 -15
leaf_value=0.059556747033005036 -0.049966654441462227 -0.04576296993096951 0.06799168417388711 -0.044937416407135104 -0.067154681727544033 -0.057719474856467716 0.024800480045803278 -0.032951993922765765 0.033439601183084637 -0.00040133451056798919 0.042259589563357847 -0.010980320710661545 0.01504636471780346 0.051951492799528792
leaf_weight=101.40636865794659 263.83794157207012 54.471907645463943 15.560001686215399 8.8296564519405347 21.194322355091572 18.125526785850525 65.127014607191086 68.349123641848564 50.11963701993227 106.76226392388344 201.63329596817493 14.401772849261759 41.009671032428741 23.726414285600185
leaf_count=447 2975 423 65 45 111 122 325 412 224 531 913 75 203 115
internal_value=-0.000237854 0.0163973 -0.00588388 0.0255036 0.0188361 -0.00905087 0.00636261 -0.011548 0.000350958 0.0273805 0.0384062 0.0507659 -0.0149793 0.00944055
internal_weight=1054.55 790.717 229.51 561.207 445.398 104.447 83.2525 213.95 159.478 340.952 210.463 115.808 109.359 130.489
internal_count=6986 4011 1327 2684 2162 558 447 1262 839 1604 958 522 615 646
is_linear=0
shrinkage=0.05


Tree=22
num_leaves=15
num_cat=0
split_feature=46 40 57 5 76 65 85 5 3 39 130 33 66 82
split_gain=338.455 65.8506 44.1788 52.1996 45.3184 46.239 38.218 37.7597 42.8616 34.7369 33.5439 61.5856 28.5893 27.6402
threshold=1.4076000297791326e-05 0.0003676669293781743 622.50000000000011 69.832798004150405 0.003843017504550517 32.658084869384773 1.0000000180025095e-35 123.88419723510744 15.089911937713625 0.00049768641474656772 0.0086294354405254143 1435.919616699219 1358.6656494140627 0.0036420878022909169
decision_type=8 10 2 10 2 2 2 10 10 10 2 10 2 2
left_child=1 2 3 10 5 13 -3 -5 -9 -7 12 -12 -1 -4
right_child=-2 6 4 7 -6 9 -8 8 -10 -11 11 -13 -14 -15
leaf_value=-0.050867417623539551 -0.049401733431581489 -0.020786041216020665 -0.043286090771625547 -0.026416580304054506 0.066128508227363103 0.061111939523390384 0.068388333697390682 0.074518273824748987 0.0028724193348440147 -0.0044343787632212216 -0.059416775329967156 0.06004033826111474 0.054907921104739243 0.065380127532117388
leaf_weight=6.0099610313773146 258.53517282009125 139.25513723492622 32.101314388215542 90.398882158100605 99.673397146165371 62.533630460500717 12.166963145136831 23.627937704324722 137.58407182246447 29.456120640039444 21.832588717341423 19.4576366096735 112.56123228371143 6.181929647922515
leaf_count=34 3033 843 171 514 439 274 56 102 760 155 105 89 491 26
internal_value=0.00016599 0.0163713 0.0233665 0.0135023 0.0408827 0.0212103 -0.0132191 -0.000717083 0.0137678 0.0403013 0.035748 -0.00303511 0.049166 -0.0245212
internal_weight=1051.38 792.841 641.419 411.472 229.946 130.273 151.422 251.611 161.212 91.9898 159.861 41.2902 118.571 38.2832
internal_count=7092 4059 3160 2095 1065 626 899 1376 862 429 719 194 525 197
is_linear=0
shrinkage=0.05


Tree=23
num_leaves=15
num_cat=0
split_feature=72 113 5 85 47 126 78 137 5 79 35 108 30 85
split_gain=296.609 76.7469 44.2656 49.5328 43.0152 53.5078 47.1734 28.0738 37.6447 57.2684 30.6918 26.5271 25.2276 24.2895
threshold=1344.7073364257815 125464.60546875001 66.703720092773452 0.01213235314935446 0.014327669516205789 100731.32031250001 0.00037643549148924654 58.173351287841804 98.703720092773452 3.6175537388771779e-05 1415.1473388671877 0.44884960353374487 928.24871826171886 5.0938087952090434e-05
decision_type=2 2 8 2 10 2 2 2 10 2 10 2 10 2
left_child=-1 2 -2 -4 -3 7 -7 8 -6 -10 -11 -9 -5 -8
right_child=1 4 3 12 5 6 13 11 9 10 -12 -13 -14 -15
leaf_value=-0.052612367240836982 0.020295326729879416 0.053439368343531995 -0.036027296256410504 0.22587966753463282 0.041512078552769262 0.025120389754718586 -0.035004798297421313 0.056904573684694128 -0.034440918147444564 0.069334055980207893 -0.021341680277805357 0.018144344016124365 -0.0037297754031215035 0.050657182092694555
leaf_weight=213.01911696791649 63.204395785927773 91.964997559785843 127.64833053201437 1.7788114920258515 69.030009627342224 69.988109841942787 94.711143858730793 108.07919872552156 65.527872405946255 27.689170710742474 13.256413802504538 76.351182915270329 2.0445300042629242 8.1833526939153654
leaf_count=2543 298 420 1021 15 305 337 604 498 400 121 75 354 15 36
internal_value=-0.000191738 0.0134826 -0.0138774 -0.030335 0.0220163 0.0165026 -0.00633702 0.0274601 0.0130348 -0.00564233 0.0401683 0.0410429 0.127779 -0.02777
internal_weight=1032.48 819.458 194.676 131.472 624.781 532.816 172.883 359.934 175.503 106.473 40.9456 184.43 3.82334 102.894
internal_count=7042 4499 1349 1051 3150 2730 977 1753 901 596 196 852 30 640
is_linear=0
shrinkage=0.05


Tree=24
num_leaves=15
num_cat=0
split_feature=46 116 125 97 31 8 18 73 63 22 134 1 64 125
split_gain=290.383 53.7133 57.6504 52.7086 36.2708 35.2967 34.6431 36.5238 33.0935 30.7674 30.4857 27.7322 31.8285 26.293
threshold=3.1509999871559562e-06 1.6220116615295412 -2883.4999999999995 3.4285000083400523e-06 37.43556213378907 53.886302947998054 0.00023591399803990501 62.832298278808601 8.6795301437377947 0.016323930583894256 0.99585920572280895 19029.166015625004 34.258493423461921 -2396.4999999999995
decision_type=8 2 2 10 10 10 10 2 2 10 2 2 2 2
left_child=1 2 -1 9 -4 6 -5 -8 -7 -3 -9 -10 -13 -2
right_child=13 3 4 5 -6 8 7 10 11 -11 -12 12 -14 -15
leaf_value=0.068354357624176618 0.071275475850311118 0.057781520408716848 0.045807107728138896 0.036561246768346337 -0.039388968388955836 -0.052497825829742106 0.027564295939246003 -0.052558438018291367 -0.021711719462081457 -0.046082235529502982 0.046822670203795214 -0.003388991620243852 0.044171972489820951 -0.04946539097695065
leaf_weight=16.841460272669792 3.7518988326191893 106.6170487254858 13.48513802886009 204.7114144936204 96.069747686386108 26.611483387649059 55.943767338991165 36.143988229334354 62.348570570349693 6.912161409854888 8.9056668132543546 77.671172939240932 63.0977873057127 246.16350300610065
leaf_count=76 33 482 74 936 666 144 250 213 370 43 41 388 284 3118
internal_value=-0.000615889 0.0144975 -0.0152313 0.0203022 -0.0285827 0.0136867 0.0247869 0.000796077 -0.0011279 0.0511107 -0.0323221 0.00582656 0.0180908 -0.0473759
internal_weight=1025.27 775.359 126.396 648.963 109.555 535.434 305.705 100.993 229.729 113.529 45.0497 203.118 140.769 249.915
internal_count=7118 3967 816 3151 740 2626 1440 504 1186 525 254 1042 672 3151
is_linear=0
shrinkage=0.05


Tree=25
num_leaves=15
num_cat=0
split_feature=46 123 85 74 61 129 43 92 37 47 67 126 32 3
split_gain=278.773 53.3642 52.5421 36.4523 34.897 33.6539 29.4313 33.5117 27.6986 24.3562 21.6456 20.3507 19.3305 17.9033
threshold=1.4076000297791326e-05 16.560726165771488 1.8746215573628436e-05 0.93284443020820629 50.782878875732429 -0.02549046371132135 0.99726963043212902 0.0011923065176233651 0.0041114995256066331 0.03949918411672116 37.886302947998054 -102282.85546874999 1426.7495117187502 10.606093883514406
decision_type=8 8 2 2 2 10 10 10 10 10 2 2 10 8
left_child=1 3 5 -1 6 -3 7 8 9 -5 -10 -2 -8 -11
right_child=11 2 -4 4 -6 -7 12 -9 10 13 -12 -13 -14 -15
leaf_value=-0.0059096164567074812 0.017883466715585831 -0.037934292171695028 0.07907416039927119 0.01979773680755989 0.061107002586801101 0.0031734352157233151 0.050844101001608959 -0.05494367412636101 0.033059780988742404 -0.047747124341226951 -0.029679415460959209 -0.051691600994659304 -0.053863316890990248 0.043272838188839903
leaf_weight=93.155413120985031 10.575139112770556 81.654148012399673 15.677751459181307 43.491830550134182 68.370503976941109 124.86298385262489 93.797434970736504 15.424615316092966 187.42156758159399 33.482523381710052 14.069916196167467 217.18535424023867 3.8354899436235419 5.5980851575732222
leaf_count=493 117 618 72 201 320 624 429 97 870 206 86 2892 21 26
internal_value=0.000151401 0.0143561 -0.00634974 0.0225882 0.0282917 -0.0131845 0.0225028 0.0146408 0.0185987 -0.00574455 0.0285538 -0.0483971 0.0462263 -0.0339547
internal_weight=1008.6 780.842 222.195 558.647 465.492 206.517 397.121 299.489 284.064 82.5724 201.491 227.76 97.6329 39.0806
internal_count=7072 4063 1314 2749 2256 1242 1936 1486 1389 433 956 3009 450 232
is_linear=0
shrinkage=0.05


Tree=26
num_leaves=15
num_cat=0
split_feature=46 128 14 121 130 7 34 32 80 135 76 70 131 66
split_gain=250.257 55.8356 35.5207 31.2498 29.9942 54.2849 48.6712 58.2044 35.5848 29.5957 32.6517 26.1592 26.0093 34.1126
threshold=1.4076000297791326e-05 224.27568054199222 1.0000000180025095e-35 -67396.890624999985 0.0086294354405254143 42.858585357666023 1405.148864746094 36.358932495117195 0.00016890103870537135 5.0000000000000009 0.0030181116890162234 1344.7073364257815 0.99619111418724071 1410.6363525390627
decision_type=8 8 10 2 2 10 10 10 2 2 2 2 2 2
left_child=1 2 4 -3 8 -6 7 -7 11 -8 -11 -1 -13 -14
right_child=-2 3 -4 -5 5 6 9 -9 -10 10 -12 12 13 -15
leaf_value=-0.057707869280628377 -0.047919578257192175 0.024797012421673613 0.062431905410410105 -0.037138496857486367 -0.054783896346914919 -0.064320175967384915 0.060148040800464209 0.045055463155767257 -0.0067835722801504435 -0.06170915050277697 0.041970623451768413 0.036098624684095866 -0.066110269142233807 0.021097061544794182
leaf_weight=7.7645763903856269 218.81737131625414 26.650946132838726 40.978698633611202 78.015582330524921 38.26175481826067 32.902607582509518 49.172304339706898 18.097827792167664 89.659352347254753 12.449154533445837 16.4471290782094 304.1809419170022 13.846754811704157 44.825474426150322
leaf_count=44 3012 142 190 599 242 200 223 90 466 69 79 1419 84 217
internal_value=-0.000837289 0.0125309 0.0178482 -0.0212826 0.0148425 -0.00327317 0.0123007 -0.0253875 0.0214212 0.0369312 -0.00326693 0.0282443 0.0302371 -0.000247018
internal_weight=992.07 773.253 668.587 104.667 627.608 167.331 129.069 51.0004 460.277 78.0686 28.8963 370.618 362.853 58.6722
internal_count=7076 4064 3323 741 3133 903 661 290 2230 371 148 1764 1720 301
is_linear=0
shrinkage=0.05


Tree=27
num_leaves=15
num_cat=0
split_feature=93 101 132 85 10 4 4 70 69 94 68 137 35 38
split_gain=239.328 45.0905 55.3312 43.3115 55.3982 35.8827 66.3964 33.6429 33.5384 31.4759 27.6693 36.5246 25.74 22.0292
threshold=5.6359999689448168e-06 0.015309282578527929 1.0000000180025095e-35 1.0000000180025095e-35 0.011059917509555818 37.931547164916999 36.814813613891609 1397.8327636718752 51.930795669555671 0.00012571780098369348 1425.603698730469 89.115234375000014 1358.6656494140627 0.0058997564483433971
decision_type=8 10 2 2 10 10 10 2 2 10 2 2 10 8
left_child=1 -1 3 4 5 6 8 -8 -3 -4 11 -11 -13 -9
right_child=-2 2 9 -5 -6 -7 7 13 -10 10 -12 12 -14 -15
leaf_value=0.038808252662305469 -0.050929204326731696 -0.011859845385576509 -0.011016348587390888 0.061461133354954012 -0.03955851508044287 -0.044409598588052386 -0.037736658764430858 0.059592544003001527 0.039323508058552441 0.058000364176232111 -0.05755767490940164 -0.058665229046252015 0.024917240962988654 0.19280017672529759
leaf_weight=123.46895768493414 192.13426320999861 197.87961491942406 42.225452519953251 23.08435907959938 101.39601489156485 35.243940494954586 7.7685462012886992 48.355217486619949 37.151101291179657 106.57165524363518 6.5528375506401053 10.776606254279612 41.425929144024849 2.622512772679328
leaf_count=598 2774 1080 238 110 753 302 46 217 180 465 43 57 181 18
internal_value=-0.00106467 0.0111967 0.00598874 -0.00380566 -0.00744044 0.00254742 0.00831232 0.0553797 -0.00363701 0.0273051 0.0371 0.0413424 0.00688425 0.0700228
internal_weight=976.657 784.523 661.054 453.501 430.417 329.021 293.777 58.7463 235.031 207.552 165.327 158.774 52.2025 50.9777
internal_count=7062 4288 3690 2706 2596 1843 1541 281 1260 984 746 703 238 235
is_linear=0
shrinkage=0.05


Tree=28
num_leaves=15
num_cat=0
split_feature=46 128 30 5 5 76 86 36 110 7 125 134 80 126
split_gain=228.029 41.6736 29.6361 30.344 48.3902 51.6234 40.9347 34.2165 27.8015 24.9447 24.913 22.1449 20.7571 20.6924
threshold=1.4076000297791326e-05 17.893320083618168 1428.9470825195315 91.263515472412124 119.61271286010744 0.0034677129006013279 0.95537528395652782 1413.7432861328127 9580245.5000000019 46.797708511352546 1.5000000000000002 1.0000000180025095e-35 0.00020241120364516976 -102282.85546874999
decision_type=8 8 10 10 10 2 2 10 2 10 2 2 2 2
left_child=1 2 3 11 9 -6 7 -7 10 -5 -3 -1 -12 -2
right_child=13 8 -4 4 5 6 -8 -9 -10 -11 12 -13 -14 -15
leaf_value=-0.070419917111803704 0.02358266582462909 0.021952102404938861 -0.057972281966494621 -0.040844497549973512 -0.0083806475822491185 0.032635857566767491 0.061557789308535532 -0.04043420051794562 0.056753856637488026 0.0099784827880532515 -0.0078225540633359743 0.039113130646146188 -0.046783890167114039 -0.051218490286556263
leaf_weight=3.8451023101806632 9.158292353153227 39.837575905025005 11.271198391914366 52.927934102714062 85.036828085780144 55.709483176469803 92.158539451658726 21.382504589855671 14.607567593455313 43.129789486527443 93.321631886065006 190.50515580177307 53.417717136442661 192.03688771277666
leaf_count=16 106 207 74 333 432 269 430 145 64 212 532 875 449 2901
internal_value=-0.000535927 0.0120469 0.0190942 0.0207922 0.0119456 0.0233436 0.0392385 0.0121106 -0.00742613 -0.0181573 -0.0127267 0.0365967 -0.0222264 -0.0477138
internal_weight=958.346 757.151 555.967 544.695 350.345 254.287 169.251 77.092 201.184 96.0577 186.577 194.35 146.739 201.195
internal_count=7045 4038 2786 2712 1821 1276 844 414 1252 545 1188 891 981 3007
is_linear=0
shrinkage=0.05


Tree=29
num_leaves=15
num_cat=0
split_feature=93 40 105 132 94 135 7 5 14 3 120 64 61 130
split_gain=219.489 43.2071 42.424 38.6465 35.0005 34.444 61.605 42.9394 34.4431 30.9077 29.0103 26.837 29.1451 23.7795
threshold=5.6359999689448168e-06 0.0003676669293781743 1439.5000000000002 1.0000000180025095e-35 0.00010896040112129414 5.0000000000000009 34.53808784484864 98.53808975219728 8.8841512479120879e-05 51.579843521118171 -1299.9999999999998 36.450819015502937 47.491815567016609 0.55648330226540577
decision_type=8 10 2 2 10 2 10 10 10 10 2 2 2 2
left_child=1 2 3 5 -5 6 -1 -8 -3 -9 -7 -11 -13 -12
right_child=-2 8 -4 4 -6 10 7 9 -10 11 13 12 -14 -15
leaf_value=-0.056005591755659168 -0.049741687608799774 -0.02137881679566582 0.04760886814352739 -0.02437309058977195 0.039077809521523427 0.064684750757298473 0.058198687707864752 -0.017987750541098732 0.053474448149008827 -0.016536181599888202 -0.0063062740592466776 0.22524867192299736 0.05045867236763607 -0.04801556505659392
leaf_weight=23.601684972643852 176.37762795388699 128.61877801269293 98.489552095532417 24.480635024607182 158.12179601937532 10.019271627068518 68.850526362657547 52.882980607450008 16.471405617892742 10.904646754264833 110.40220364183187 2.0287056043744114 16.6073267608881 48.737276628613472
leaf_count=161 2768 831 482 137 726 45 316 355 79 88 633 19 82 325
internal_value=0.00040926 0.0119433 0.0176445 0.0119611 0.0304848 0.00206942 0.0175802 0.0293534 -0.0125732 0.0048495 -0.0139747 0.0449825 0.0799884 -0.0193
internal_weight=946.594 770.217 625.127 526.637 182.602 344.035 174.876 151.274 145.09 82.4237 169.159 29.5407 18.636 159.139
internal_count=7047 4279 3369 2887 863 2024 1021 860 910 544 1003 189 101 958
is_linear=0
shrinkage=0.05


Tree=30
num_leaves=15
num_cat=0
split_feature=72 85 116 97 130 42 89 70 67 135 74 32 67 69
split_gain=205.534 50.2496 61.4084 37.8111 56.375 40.6012 37.5097 36.715 30.1702 33.4787 23.4847 22.7477 20.2987 27.6924
threshold=1344.7073364257815 1.0000000180025095e-35 1.6626424193382265 3.4285000083400523e-06 0.0076306217815727004 0.00027746368141379213 4.5731914724456153e-05 1405.148864746094 31.2744255065918 5.0000000000000009 0.98541209101676952 47.416011810302741 32.575269699096687 37.025253295898445
decision_type=2 2 2 10 2 10 8 2 2 2 2 10 2 2
left_child=-1 2 6 11 5 12 -2 -6 -9 10 -10 -4 -5 -14
right_child=1 -3 3 4 7 -7 -8 8 9 -11 -12 -13 13 -15
leaf_value=-0.05099866929653768 0.044032973843090115 0.071205055263229233 0.04946839074087922 0.0058280788061676105 -0.06888684107946895 -0.029079796954318771 -0.035146647342252473 -0.057824307457567309 -0.0095855372066465504 -0.025438244889887208 0.065258189097943939 -0.044903656994775679 0.068663963894622301 0.02428589591561699
leaf_weight=159.18651734665036 16.565907176584005 32.440551206469536 91.96747437864542 105.01752417907119 27.779082365334034 38.769053120166063 104.00632371380925 20.327568680047989 16.129421625286341 37.472518287599087 27.760344654321671 6.096197970211505 42.179572317749262 204.27002660185099
leaf_count=2518 87 160 453 528 181 230 914 167 104 242 128 41 223 1043
internal_value=0.000542102 0.0112389 0.00851142 0.0148844 0.00946731 0.0189437 -0.0239951 -0.0190219 -0.00486194 0.0089116 0.0381524 0.0432076 0.0243084 0.0321279
internal_weight=929.968 770.782 738.341 617.769 519.705 390.236 120.572 129.469 101.69 81.3623 43.8898 98.0637 351.467 246.45
internal_count=7019 4501 4341 3340 2846 2024 1001 822 641 474 232 494 1794 1266
is_linear=0
shrinkage=0.05


Tree=31
num_leaves=15
num_cat=0
split_feature=93 101 85 116 4 67 6 20 8 7 100 25 34 78
split_gain=183.044 39.2645 37.5715 57.6445 48.9773 38.0689 30.4698 26.5603 26.5267 25.9811 30.1754 26.2467 23.8446 22.9457
threshold=5.6359999689448168e-06 0.011462261434644462 1.0000000180025095e-35 1.5880963206291201 37.886302947998054 32.745433807373054 34.636320114135749 4.9164600568474277e-05 1411.8029785156252 30.832298278808597 0.11979284882545473 9113.0366210937518 37.830171585083015 0.00038935836346354341
decision_type=8 10 2 2 10 2 10 10 10 10 10 10 10 2
left_child=1 -1 3 13 5 9 7 -7 12 -5 11 -11 -8 -3
right_child=-2 2 -4 4 -6 6 8 -9 -10 10 -12 -13 -14 -15
leaf_value=0.043894024778516637 -0.049248275004478051 0.00054970658516725033 0.05898949144592372 0.032780032420238719 -0.044361936327089319 -0.015545528839850187 -0.05281362828642662 0.077191187760530494 0.084156137921267485 0.02839530009791379 -0.043314959980584225 -0.013127662284134851 0.017603626345833585 -0.053300048494065805
leaf_weight=74.263129964470863 159.13468573614955 30.268798645585775 30.660729959607124 46.396417208015919 38.879987329244614 9.0452853292226774 11.872823178768156 41.978604607284069 13.165112882852553 58.906968265771866 46.383839353919029 103.36238711327314 189.21097646653652 55.989574056118727
leaf_count=384 2724 186 148 210 331 52 81 197 67 279 308 572 929 513
internal_value=-0.000714223 0.00963028 0.00580759 0.00319399 0.00907734 0.0131479 0.0263716 0.0607684 0.0179356 -0.000655072 -0.00821064 0.00202758 0.0132051 -0.034614
internal_weight=909.519 750.385 676.122 645.461 559.202 520.322 265.273 51.0239 214.249 255.05 208.653 162.269 201.084 86.2584
internal_count=6981 4257 3873 3725 3026 2695 1326 249 1077 1369 1159 851 1010 699
is_linear=0
shrinkage=0.05


Tree=32
num_leaves=15
num_cat=0
split_feature=72 116 125 33 33 65 60 47 118 73 5 9 9 100
split_gain=178.61 48.2923 47.1003 37.5365 36.0444 28.4737 29.8963 29.5613 24.3782 22.736 29.4066 36.8928 32.3374 24.4151
threshold=1344.7073364257815 1.5880963206291201 -2883.4999999999995 67.861312866210952 1351.6320800781252 37.886302947998054 1429.6291503906252 0.019651982001960281 0.42718292772769934 92.371795654296889 119.61271286010744 0.94290870428085338 0.99576833844184887 0.065582092851400389
decision_type=2 2 2 10 10 2 2 8 2 2 10 10 10 10
left_child=-1 2 -2 -3 -5 6 9 -7 -4 -6 13 -12 -13 -11
right_child=1 3 8 4 5 7 -8 -9 -10 10 11 12 -14 -15
leaf_value=-0.049849978499131128 0.059512660685718734 -0.055056157815183693 -0.038690664265281616 0.076646562973945287 0.033022995464143598 0.053431194376462744 -0.054630122387117175 -0.052436654601174908 0.032608951358894238 0.013166910907246518 0.0032679891372167248 0.053151823906855016 -0.013972287185040828 -0.039289127486401426
leaf_weight=150.22142461687326 15.911592394113539 17.501236408948898 97.627011183649302 23.634265046566725 195.64412945508957 7.709917575120925 13.047820761799811 27.360296815633774 12.877800107002257 43.218314126133919 147.10659018158913 95.76578052341938 21.58158864825964 43.771693233400583
leaf_count=2586 81 236 908 137 920 37 89 215 64 205 802 459 113 275
internal_value=-0.000203784 0.00962626 -0.018498 0.0152337 0.0173072 0.0148263 0.0175738 -0.0283264 -0.0301638 0.0193924 0.0117322 0.0200101 0.0407931 -0.0133745
internal_weight=912.979 762.758 126.416 636.342 618.84 595.206 560.136 35.0702 110.505 547.088 351.444 264.454 117.347 86.99
internal_count=7127 4541 1053 3488 3252 3115 2863 252 972 2774 1854 1374 572 480
is_linear=0
shrinkage=0.05


Tree=33
num_leaves=15
num_cat=0
split_feature=72 40 92 5 14 130 60 69 75 5 5 19 9 5
split_gain=169.85 39.1127 40.9513 40.3477 29.6808 27.5435 34.9563 29.3132 27.7463 25.8825 41.9069 38.0381 26.3561 21.197
threshold=1344.7073364257815 0.00029691365489270544 0.00057910950272344064 60.371795654296882 8.8841512479120879e-05 0.0086294354405254143 1383.2138671875002 42.858585357666023 0.0016148577560670676 98.391719818115249 118.19547271728517 0.024250391870737079 0.96066430211067211 1412.0000000000002
decision_type=2 8 8 8 10 2 2 2 2 10 10 8 10 10
left_child=-1 2 5 -4 -3 9 8 -8 -7 -2 11 -11 13 -12
right_child=1 4 3 -5 -6 6 7 -9 -10 10 12 -13 -14 -15
leaf_value=-0.050059549319220888 0.047036341815586052 -0.022397915274858904 0.023185726748067709 -0.04004560041537629 0.04567822591733002 0.045055075027521839 -0.051292244655414869 0.032040350635256606 -0.050587151457702144 0.048759570863246726 0.006443286067796066 -0.046632966452918923 0.054603116242781635 0.058011620546291068
leaf_weight=141.38026095181704 119.52552777156234 125.96561546251178 42.47419111803174 59.378123510628939 17.375872530043125 8.5489603206515294 11.367791526019571 73.774195048958063 38.704664669930935 13.377026461064814 108.84241090342402 37.92681086063385 66.226235069334507 23.485681790858507
leaf_count=2548 585 874 204 543 86 43 74 401 281 68 613 242 329 136
internal_value=-5.49519e-06 0.00952254 0.0150951 -0.013708 -0.0138864 0.0209573 0.00137263 0.0204479 -0.0327088 0.0279542 0.0186747 -0.0213035 0.0290596 0.0159621
internal_weight=888.353 746.973 603.632 101.852 143.341 501.779 132.396 85.142 47.2536 369.384 249.858 51.3038 198.554 132.328
internal_count=7027 4479 3519 747 960 2772 799 475 324 1973 1388 310 1078 749
is_linear=0
shrinkage=0.05


Tree=34
num_leaves=15
num_cat=0
split_feature=72 113 42 36 33 33 5 30 30 97 84 85 7 46
split_gain=157.151 41.7077 28.6568 47.0434 27.7557 33.313 27.7453 23.9074 32.8805 21.6235 19.7901 19.707 16.9927 18.0671
threshold=1344.7073364257815 125464.60546875001 0.00032531579199712729 1413.7432861328127 100.55838775634767 1351.6320800781252 67.633594512939467 1394.5166625976565 1428.9470825195315 0.0044648111797869214 0.0009474201942794026 0.01213235314935446 36.858585357666023 1.5475000054721024e-06
decision_type=2 2 10 10 10 10 10 10 10 10 2 2 10 10
left_child=-1 6 4 10 -3 -6 -2 9 -9 12 -4 -8 -7 -14
right_child=1 2 3 -5 5 7 11 8 -10 -11 -12 -13 13 -15
leaf_value=-0.050476747763479525 0.013113516583198939 -0.051759782719549646 -0.021871474539873363 -0.044094014366928072 0.079625622436230531 0.033859825618219937 -0.033072534168659122 0.04740171571202547 -0.049259685160376099 0.041876128629385355 0.034992812678202388 0.072087625216979284 0.008268797129441589 -0.025614253052365393
leaf_weight=134.31494815647602 61.218467514961958 12.029974088072775 20.74909146130085 49.296178419142962 23.226811841130257 43.975403908640146 104.08558696880937 99.828083015978336 8.834412753581999 49.213062554597855 51.834391206502914 3.7334570474922648 160.53303752094507 51.010034311562777
leaf_count=2527 306 139 130 360 134 232 1000 503 68 230 266 26 806 273
internal_value=-0.000930977 0.00812317 0.014582 -0.00687356 0.020413 0.0225152 -0.0136342 0.019122 0.0391655 0.0118701 0.018661 -0.0288022 0.00595023 1.64001e-05
internal_weight=873.883 739.568 570.53 121.88 448.651 436.621 169.038 413.394 108.662 304.732 72.5835 107.819 255.518 211.543
internal_count=7000 4473 3141 756 2385 2246 1332 2112 571 1541 396 1026 1311 1079
is_linear=0
shrinkage=0.05


Tree=35
num_leaves=15
num_cat=0
split_feature=58 42 36 56 126 130 34 7 39 34 101 36 36 52
split_gain=146.997 31.1974 36.1062 28.59 27.504 26.5752 42.691 38.7265 28.2931 24.0635 22.3621 19.9474 26.0074 18.4569
threshold=66383.562500000015 0.00038767320802435284 1413.7432861328127 6123.5000000000009 -15326.778320312498 0.0076306217815727004 1405.148864746094 42.858585357666023 0.42340287566185003 1405.148864746094 0.27728050947189337 52.547355651855476 53.032297134399421 4.5358974933624276
decision_type=2 10 10 2 2 2 10 10 10 10 10 10 10 8
left_child=4 3 9 5 13 11 8 -8 10 -3 -7 -2 -13 -1
right_child=1 2 -4 -5 -6 6 7 -9 -10 -11 -12 12 -14 -15
leaf_value=0.042313725093169462 -0.044371045950871019 -0.0069961398222123244 -0.042702343209826465 0.058009109373478876 -0.047913533687202019 -0.065996767038545595 -0.0510997391509624 0.037504754836796231 0.053278180728180073 0.053180331949789987 0.048127786475783543 0.14423065564108195 0.019610936233451528 -0.038989527477084895
leaf_weight=14.983435966074468 11.105854757130144 58.013118501752615 52.984561212360859 36.541459530591965 155.38673448190093 41.72384387999773 14.937720432877539 54.309219032526016 6.1063014343380919 22.175973705947399 4.0552120655775061 3.2630418501794329 373.94556221738458 11.415352482348679
leaf_count=155 144 390 410 185 2786 319 121 272 28 113 20 21 1915 138
internal_value=-0.00013424 0.0105638 -0.0110724 0.0158517 -0.0399418 0.0127202 -0.00767842 0.0179359 -0.0415565 0.0100955 -0.0550746 0.0190867 0.0210675 0.00701673
internal_weight=860.947 679.162 133.174 545.988 181.786 509.447 121.132 69.2469 51.8854 80.1891 45.7791 388.314 377.209 26.3988
internal_count=7017 3938 913 3025 3079 2840 760 393 367 503 339 2080 1936 293
is_linear=0
shrinkage=0.05


Tree=36
num_leaves=15
num_cat=0
split_feature=93 24 116 97 130 4 36 120 17 72 71 32 71 7
split_gain=145.083 31.7584 37.9262 28.57 38.499 31.569 30.6608 28.0324 26.9126 25.963 26.9154 25.5074 24.8973 24.4578
threshold=5.6359999689448168e-06 3737.5000000000005 1.6220116615295412 3.4285000083400523e-06 0.0076306217815727004 37.931547164916999 1405.148864746094 -83.499999999999986 0.0018443430890329184 1358.7139892578127 52.858585357666023 39.016080856323249 48.54248237609864 42.858585357666023
decision_type=8 8 2 10 2 10 10 2 10 2 2 8 2 10
left_child=1 2 7 11 5 9 -6 -1 -7 -5 12 -4 -11 -8
right_child=-2 -3 3 4 6 8 13 -9 -10 10 -12 -13 -14 -15
leaf_value=0.016616873696292462 -0.048864809812433317 0.060695571964785533 0.045899600767409836 -0.049161509726176382 -0.06429684472664153 0.050862307943356978 -0.052745833497429034 -0.040735093716331161 -0.053504504097510376 0.019368158278589603 0.0068952624325172157 -0.051089103291278554 0.058597649933414486 0.0094903052290636596
leaf_weight=30.440654333680868 131.06976028904319 26.68101954460144 76.990540787577629 12.81540487706661 27.169834319502115 7.0415087267756453 19.311234466731548 66.622765637934208 27.34607757255435 104.47395763918757 172.11607426404953 6.6040227487683287 66.69646842777729 69.954668253660202
leaf_count=173 2765 139 410 78 219 38 159 622 264 521 844 45 334 405
internal_value=-0.000717213 0.00817399 0.00605075 0.0108173 0.00631465 0.0138358 -0.0188118 -0.0227626 -0.0313 0.0182698 0.0209226 0.0377241 0.0349055 -0.00440866
internal_weight=845.334 714.264 687.583 590.52 506.925 390.489 116.436 97.0634 34.3876 356.102 343.287 83.5946 171.17 89.2659
internal_count=7016 4251 4112 3317 2862 2079 783 795 302 1777 1699 455 855 564
is_linear=0
shrinkage=0.05


Tree=37
num_leaves=15
num_cat=0
split_feature=72 85 40 92 86 51 73 8 1 76 1 132 136 6
split_gain=133.077 39.3479 42.9049 32.2958 28.0925 24.672 24.6177 24.2342 35.8342 37.9076 47.3371 24.0651 37.0111 20.6677
threshold=1344.7073364257815 1.0000000180025095e-35 0.00015249521675286817 0.00075296798604540538 0.9972960650920869 4.5000000000000009 60.730962753295906 53.666038513183601 19029.166015625004 0.0025520223425701265 43730.771484375007 0.99617826938629161 1.0000000180025095e-35 37.830171585083015
decision_type=2 2 8 8 2 2 2 10 2 2 2 2 2 10
left_child=-1 2 3 4 7 -4 13 -2 11 10 -10 -9 -13 -5
right_child=1 -3 5 6 -6 -7 -8 8 9 -11 -12 12 -14 -15
leaf_value=-0.047734233790236336 0.028658533879283937 0.063117460844153525 -0.0329274861811771 0.027179647638800503 0.047370204994471282 0.014101291500288791 -0.039858623684677033 -0.047959866856908138 0.049164451862804937 0.039289696606736049 -0.02962203765161572 0.055497133421716249 -0.046423161126122936 -0.054165478143081564
leaf_weight=120.55521514266729 147.37955661863089 30.87125001475215 94.014977868646383 37.977375447750092 67.109272114932537 38.805847495794296 46.452697899192572 45.309293687343597 25.868772022426128 86.153802692890167 64.730790428817272 17.79137485101819 15.953070204704998 8.7931372709572297
leaf_count=2557 781 162 659 183 384 266 406 373 121 478 403 84 82 137
internal_value=0.000696598 0.00877986 0.00628382 0.01231 0.0176359 -0.0191845 -0.0144599 0.0125817 0.00324376 0.0157418 -0.00683509 -0.0245477 0.00736383 0.0110725
internal_weight=847.766 727.211 696.34 563.519 470.296 132.821 93.2232 403.187 255.807 176.753 90.5996 79.0537 33.7444 46.7705
internal_count=7076 4519 4357 3432 2706 925 726 2322 1541 1002 524 539 166 320
is_linear=0
shrinkage=0.05


Tree=38
num_leaves=15
num_cat=0
split_feature=93 129 92 31 33 5 5 76 86 36 97 86 4 32
split_gain=127.724 29.7571 24.9179 25.505 26.707 23.0478 39.7457 25.3544 24.5059 26.8707 22.4562 22.1893 30.2605 21.4904
threshold=5.6359999689448168e-06 -0.071272939443588243 0.00057910950272344064 64.20078277587892 100.55838775634767 96.65808486938478 119.61271286010744 0.0030181116890162234 0.93759274482727062 1413.7432861328127 0.00027417749515734618 0.99166810512542736 32.658084869384773 1358.6656494140627
decision_type=8 10 10 10 10 10 10 2 2 10 10 2 10 10
left_child=1 -1 3 4 -3 11 -7 10 9 -9 -8 -5 -13 -4
right_child=-2 2 13 5 -6 6 7 8 -10 -11 -12 12 -14 -15
leaf_value=-0.017720998409825658 -0.047065382942914055 -0.042297311998028185 -0.04613436977070319 0.039934625039935716 0.052208588548077611 -0.031926369905522625 -0.035472646831136607 0.020949519981308132 0.042091396299041496 -0.041567989979450722 0.01556819015080638 -0.062025777962363263 0.029217906307323044 0.0066670628944655837
leaf_weight=94.799076985567808 121.28912195190787 7.608766481280326 30.314473956823349 104.84521559625864 69.781428337097168 60.840794257819653 41.632072299718857 64.679047655314207 87.282581478357315 22.289672493934631 42.724614828824997 13.509350858628748 23.334733471274376 49.555155038833618
leaf_count=788 2784 96 297 518 392 381 237 335 449 171 202 74 116 251
internal_value=0.000151077 0.00823555 0.0122368 0.0161013 0.042496 0.0115892 0.00411256 0.0126815 0.0235306 0.00463619 -0.00974217 0.0282989 -0.00499269 -0.0136964
internal_weight=834.486 713.197 618.398 538.528 77.3902 461.138 319.449 258.608 174.251 86.9687 84.3567 141.689 36.8441 79.8696
internal_count=7091 4307 3519 2971 488 2483 1775 1394 955 506 439 708 190 548
is_linear=0
shrinkage=0.05


Tree=39
num_leaves=15
num_cat=0
split_feature=72 85 123 116 5 76 1 73 4 7 40 1 9 116
split_gain=119.003 29.7851 45.2247 33.4611 28.7416 28.1481 49.5592 32.024 27.4901 29.2847 23.5736 23.3211 21.6148 21.262
threshold=1344.7073364257815 1.0000000180025095e-35 31.119431495666507 1.9400411844253542 91.263515472412124 0.0025520223425701265 29717.777343750004 123.88419723510744 31.47038555145264 30.832298278808597 0.00015249521675286817 50325.966796875007 0.92597928643226635 1.9703107476234438
decision_type=2 2 8 2 10 2 2 2 8 10 10 2 10 2
left_child=-1 2 4 -4 8 11 7 -7 9 -2 -8 13 -9 -6
right_child=1 -3 3 -5 5 6 10 12 -10 -11 -12 -13 -14 -15
leaf_value=-0.048885838386354602 0.036477213162037642 0.055987091082588716 -0.045103532008968848 0.0020554276756729463 -0.041909183616050769 -0.036930074313295758 0.051811552939831224 -0.015143830179240623 0.03663450180613672 -0.037434435064975166 -0.0058358805632255173 -0.038016912771843075 0.03944669150635205 0.035808529061435161
leaf_weight=111.08678725361824 22.824466865509748 28.222710002213717 68.8371059037745 81.34201280400157 12.025416389107702 55.369363758713007 75.106390360742807 33.978740222752094 152.04172626510262 29.658331025391817 22.875218976289034 63.495703157037497 36.907592479139566 26.317559391260147
leaf_count=2550 112 152 718 431 173 358 425 227 793 157 114 539 180 132
internal_value=-0.00100829 0.00655147 0.00442294 -0.019716 0.0112794 0.00204276 0.011933 -0.00877059 0.0259238 -0.00520966 0.0384299 -0.0196386 0.0134326 0.0109884
internal_weight=820.089 709.002 680.78 150.179 530.601 326.076 224.237 126.256 204.525 52.4828 97.9816 101.839 70.8863 38.343
internal_count=7061 4511 4359 1149 3210 2148 1304 765 1062 269 539 844 407 305
is_linear=0
shrinkage=0.05


Tree=40
num_leaves=15
num_cat=0
split_feature=95 125 40 130 70 69 102 9 107 67 5 132 134 98
split_gain=105.624 34.8663 32.365 29.0179 40.5895 33.6683 21.2738 19.4168 26.527 40.0899 34.735 28.6264 19.6133 18.6854
threshold=0.00021877630206290635 -3981.4999999999995 0.0003676669293781743 0.0086294354405254143 1405.148864746094 42.858585357666023 3.5000000000000004 0.99129852652549755 18582.188476562504 37.661996841430671 1412.0000000000002 1.0000000180025095e-35 0.99585920572280895 0.0083109694533050078
decision_type=8 2 10 2 2 2 2 8 2 2 10 2 2 10
left_child=1 -1 3 7 -5 -6 -4 8 9 10 11 12 -3 -8
right_child=-2 2 6 4 5 -7 13 -9 -10 -11 -12 -13 -14 -15
leaf_value=0.069525720822488757 -0.048167056473594566 -0.041096848547950565 -0.03218032865085995 -0.06033892949684791 -0.04987477913622107 0.018356306880034087 0.048288635388953255 0.027444907178703633 0.031392205414436748 -0.049432906420744695 0.08059474951418949 0.023495579870933453 0.078852409961849168 -0.01505318532875758
leaf_weight=20.406952358782291 99.132312886416912 39.715991277247667 85.329702720046043 29.89768098294735 21.704227842390537 87.873000245541334 17.882087454199791 206.36130607500672 68.274937555193901 38.232579290866852 13.856342192739246 50.592686966061592 2.8000528812408438 29.514195147901773
leaf_count=111 2480 356 624 268 191 541 91 1126 344 327 87 262 14 262
internal_value=-7.81688e-05 0.00667127 0.00472015 0.00998894 -0.00971932 0.00451279 -0.0173913 0.0165438 0.0059271 -0.00617994 0.00959466 -0.00171563 -0.0315666 0.00934895
internal_weight=811.574 712.442 692.035 559.309 139.475 109.577 132.726 419.834 213.473 145.198 106.965 93.1087 42.516 47.3963
internal_count=7084 4604 4493 3516 1000 732 977 2516 1390 1046 719 632 370 353
is_linear=0
shrinkage=0.05


Tree=41
num_leaves=15
num_cat=0
split_feature=72 58 89 126 78 5 85 134 36 33 6 120 50 4
split_gain=104.824 27.3657 23.0581 28.5088 37.6168 17.1105 17.8205 15.7487 21.5309 15.2679 19.0028 14.6063 13.9535 13.8225
threshold=1344.7073364257815 106963.20703125001 4.0149052438209771e-05 90352.734375000015 0.00032462517265230423 61.582815170288093 0.01213235314935446 0.92711213231086742 1394.037292480469 100.55838775634767 44.748853683471687 -910.49999999999989 0.037237189710140235 24.805038452148441
decision_type=2 2 10 2 2 10 2 2 10 10 10 2 10 10
left_child=11 5 -3 9 13 -2 7 -7 -9 -4 -11 -1 -10 -5
right_child=1 2 3 4 -6 6 -8 8 12 10 -12 -13 -14 -15
leaf_value=0.065798468207477812 0.019425755294770794 0.061890205740214546 -0.047872458896920336 -0.046242659849582923 -0.028118996923601237 -0.04502847424289972 0.081672573634841095 -0.032172407694568521 -0.046784514408568005 0.016764648457564764 0.063827821575966309 -0.050081169983235321 0.044775242906658297 0.02285956436978788
leaf_weight=1.9684609211981285 32.245888248085976 21.248928897082806 7.5406990610063067 6.9943554662168017 93.192472435534 51.215529426932335 3.10358041524887 35.000878851860762 4.2963916398584869 305.95583479106426 22.270936783403158 100.23810985684395 20.494292885065079 82.614090371876955
leaf_count=38 172 121 131 39 680 632 21 259 44 1649 124 2546 117 464
internal_value=-0.000248364 0.00680868 0.0120051 0.00984582 -0.00602226 -0.0123091 -0.0213677 -0.024952 -0.00729726 0.0184771 0.0201422 -0.0472335 0.0277086 0.017015
internal_weight=788.38 686.174 539.817 518.568 182.801 146.357 114.111 111.007 59.7916 335.767 328.227 102.207 24.7907 89.6084
internal_count=7037 4453 3208 3087 1183 1245 1073 1052 420 1904 1773 2584 161 503
is_linear=0
shrinkage=0.05


Tree=42
num_leaves=15
num_cat=0
split_feature=72 85 124 19 4 130 7 34 32 5 8 130 132 33
split_gain=91.9187 30.1462 36.1469 24.6463 28.8597 24.4314 25.4107 26.8347 43.4816 23.0544 28.398 23.4685 26.7989 19.8021
threshold=1344.7073364257815 1.0000000180025095e-35 0.071272939443588271 0.011159719899296762 37.886302947998054 0.0086294354405254143 42.858585357666023 1405.148864746094 36.358932495117195 91.263515472412124 1411.8029785156252 1.0000000180025095e-35 0.99617826938629161 1427.2327270507815
decision_type=2 2 8 10 10 2 10 10 10 10 10 2 2 10
left_child=-1 2 3 -2 5 9 -7 8 -8 13 11 12 -11 -5
right_child=1 -3 -4 4 -6 6 7 -9 -10 10 -12 -13 -14 -15
leaf_value=-0.045943126064287299 0.040183832012906401 0.054236230835129941 -0.028431365829076238 0.03597793901788901 -0.036357019172836444 -0.053437177016299547 -0.060411431468836478 0.022981942064188493 0.039573194980618565 -0.02797362782122232 0.069239586093323743 0.045168004718993564 0.0097787612468304488 -0.059467183683005936
leaf_weight=97.463915232568979 52.176463887095451 29.579762019217014 77.422847859561443 119.63933417201042 39.066039271652699 26.417613554745913 31.465308163315058 58.602569796144962 15.514999266713856 77.729823503643274 15.141040526330469 24.953678619116545 115.79359246045351 4.8118571639060965
leaf_count=2549 321 162 773 599 449 223 261 315 84 513 80 139 550 25
internal_value=-0.000754258 0.00570176 0.00344346 0.00773029 0.00446038 0.00778156 -0.0105493 0.000582254 -0.0272554 0.0145497 0.00524091 0.000510366 -0.00545056 0.031843
internal_weight=785.779 688.315 658.735 581.312 529.136 490.07 132 105.583 46.9803 358.069 233.618 218.477 193.523 124.451
internal_count=7043 4494 4332 3559 3238 2789 883 660 345 1906 1282 1202 1063 624
is_linear=0
shrinkage=0.05


Tree=43
num_leaves=15
num_cat=0
split_feature=72 113 89 126 116 132 134 33 33 51 79 137 46 5
split_gain=86.5259 26.3972 20.2073 24.4367 21.5197 19.9063 22.9814 18.9538 25.0821 17.4898 16.1685 15.1368 19.7595 17.598
threshold=1344.7073364257815 125464.60546875001 4.0149052438209771e-05 42405.957031250007 0.73812323808670055 0.99617826938629161 0.99585920572280895 1359.4380493164065 1420.8050537109377 4.5000000000000009 0.063857063651084914 58.173351287841804 1.3675000332113998e-06 86.490345001220717
decision_type=2 2 10 2 2 2 2 10 10 2 2 2 10 10
left_child=-1 5 -3 11 -5 6 10 -7 9 -9 -2 12 -4 -14
right_child=1 2 3 4 -6 7 -8 8 -10 -11 -12 -13 13 -15
leaf_value=-0.045451780905334839 -0.039784115840782591 0.058771180565719089 0.053679092522046015 -0.04516198719689446 0.0025362245639436315 -0.029471922108886203 0.06068601885146771 -0.039993526845044917 -0.055707356376023011 0.064178433769750021 0.033078237452983598 0.030044163161776924 0.02422755000353069 -0.016363690007023101
leaf_weight=92.528314583003521 80.404315620660782 20.418379351496696 18.058593325316906 25.817063998430967 199.3303044885397 18.250522818416357 6.1319376714527598 4.0186049938201931 5.9837385080754748 26.765691857784986 7.6492943391203871 146.19165497645736 41.376539267599583 71.195638701319695
leaf_count=2525 867 122 100 266 1177 105 35 59 51 134 67 767 230 475
internal_value=-0.000391466 0.00587505 0.0111702 0.00912095 -0.00310872 -0.0126151 -0.0264713 0.0111544 0.0315664 0.0497493 -0.0331541 0.0190431 0.00659679 -0.00136219
internal_weight=764.121 671.592 522.388 501.97 225.147 149.204 94.1855 55.0186 36.768 30.7843 88.0536 276.822 130.631 112.572
internal_count=6980 4455 3137 3015 1443 1318 969 349 244 193 934 1572 805 705
is_linear=0
shrinkage=0.05


Tree=44
num_leaves=15
num_cat=0
split_feature=72 14 124 116 67 64 11 19 5 134 33 69 69 53
split_gain=90.4232 26.2892 33.3018 19.8245 19.2173 27.5813 32.0003 23.6761 28.736 25.0728 19.4336 18.2518 16.7325 17.6284
threshold=1344.7073364257815 1.0000000180025095e-35 0.049905480816960342 1.9375897049903872 32.745433807373054 37.025253295898445 0.0057637365534901628 0.020707968622446064 98.53808975219728 0.96897748112678539 1413.9710083007815 30.832298278808597 32.575269699096687 237217.10156250003
decision_type=2 8 8 2 2 2 10 8 10 2 10 2 2 10
left_child=-1 2 4 -4 11 6 -6 -7 10 -10 -9 -2 -13 -14
right_child=1 -3 3 -5 5 7 -8 8 9 -11 -12 12 13 -15
leaf_value=-0.047882374916191114 0.026730749653932802 0.043683644621224871 -0.041570597596221712 0.008037836874017339 0.038322908843567531 0.031907081443369199 -0.060363685778762756 0.033475763890479841 -0.04068916360252825 0.038036476998464075 -0.052496012830318295 -0.056002528869793733 0.0091680635166698603 -0.022255281147257038
leaf_weight=89.469902262091637 40.852614134550095 40.947394948452711 60.01019373908639 29.636890605092049 129.49854300543666 47.268787808716297 7.8871760293841353 41.442875675857067 63.730562143027782 11.169939648360012 6.8556694164872161 16.717585634440184 98.147420287132263 80.256792932748795
leaf_count=2544 214 239 689 169 742 260 58 215 587 64 39 158 586 461
internal_value=-0.000941482 0.00534744 0.00280447 -0.0252625 0.00746904 0.0156781 0.0322622 0.00220217 -0.00936009 -0.0286023 0.0204553 -0.00326145 -0.00964519 -0.00501328
internal_weight=763.892 674.422 633.475 89.6471 543.828 307.854 137.386 170.468 123.199 74.9005 48.2985 235.974 195.122 178.404
internal_count=7025 4481 4242 858 3384 1965 800 1165 905 651 254 1419 1205 1047
is_linear=0
shrinkage=0.05


Tree=45
num_leaves=15
num_cat=0
split_feature=72 104 116 85 95 130 5 3 65 34 32 59 7 65
split_gain=76.3997 26.1573 26.6033 24.3407 18.8951 22.3331 19.9377 27.6272 19.425 19.3069 23.5729 24.1578 21.1274 19.0937
threshold=1344.7073364257815 14390.500000000002 1.6626424193382265 2.6174828235525641e-05 1.4524999869536261e-06 0.0086294354405254143 91.263515472412124 10.243124961853029 37.886302947998054 1405.148864746094 36.358932495117195 13054.571777343752 42.858585357666023 32.575269699096687
decision_type=2 2 2 2 10 2 10 10 2 10 10 2 10 2
left_child=-1 2 3 -2 -4 6 8 -8 13 10 -7 -12 -11 -6
right_child=1 -3 4 -5 5 9 7 -9 -10 12 11 -13 -14 -15
leaf_value=-0.045306821146938347 -0.029726104629878132 0.057357000371275627 0.048769996561391693 0.046402997928903456 0.0038092889161282016 -0.06001462777212372 -0.026913161162871638 0.011532961171132878 -0.055767568858717455 -0.04840021172166991 -0.048749918672092579 0.052631374567384863 0.017521881509043248 0.044970146197179518
leaf_weight=85.878145774826407 88.728688169270754 21.636361941695213 24.805782213807106 10.987338997423647 42.924038037657738 34.41500049084425 59.307993065565825 206.61725774407387 5.9055730849504462 14.317107379436491 9.9450681656599063 11.702780269086359 57.942740827798843 82.112755052745342
leaf_count=2544 961 134 137 60 203 309 442 1165 29 139 96 56 329 460
internal_value=-0.00118451 0.00451856 0.00267352 -0.0209603 0.00698867 0.00492632 0.0107854 0.00288981 0.0266768 -0.0131376 -0.0348813 0.00596055 0.00397812 0.0309823
internal_weight=757.227 671.348 649.712 99.716 549.996 525.19 396.868 265.925 130.942 128.323 56.0628 21.6478 72.2598 125.037
internal_count=7064 4520 4386 1021 3365 3228 2299 1607 692 929 461 152 468 663
is_linear=0
shrinkage=0.05


Tree=46
num_leaves=15
num_cat=0
split_feature=72 14 40 33 33 36 60 112 65 76 134 103 98 112
split_gain=82.5426 24.0727 31.705 23.8835 27.6773 22.6077 19.9573 17.269 24.3582 16.3645 21.0967 15.8779 23.7838 15.3747
threshold=1344.7073364257815 1.0000000180025095e-35 0.00013448956451611596 100.55838775634767 1351.6320800781252 1358.6656494140627 1425.009948730469 3561.0000000000005 37.886302947998054 0.010859737638384106 0.92711213231086742 3.5000000000000004 0.0083109694533050078 2235.5000000000005
decision_type=2 8 8 10 10 10 2 2 2 2 2 2 10 2
left_child=-1 2 3 -2 -5 -6 7 8 9 13 -11 -4 -13 -7
right_child=1 -3 11 4 5 6 -8 -9 -10 10 -12 12 -14 -15
leaf_value=-0.046732118062804313 -0.05375596056162877 0.043154291608059864 -0.032356160349638521 0.071624715469705516 -0.05656442970997231 0.02172545296187926 -0.049319811086035711 0.041407603654047588 -0.036999914151697934 -0.040183520961110594 0.010845104218575872 0.063297229843914365 -0.022492424741900732 -0.011754037750316269
leaf_weight=82.848241290077567 13.861254647374151 39.73313719406724 79.806595984846354 16.93525168299675 12.08569625765085 261.12517708539963 12.755201127380131 43.718924656510353 26.356061521917582 30.287278030067682 56.599055260419846 11.610091321170328 21.557334616780281 38.808369666337967
leaf_count=2564 255 238 626 113 137 1366 108 272 299 243 357 61 202 244
internal_value=2.21739e-05 0.00590631 0.00347515 0.00876475 0.0106067 0.00831771 0.010104 0.011867 0.00864884 0.0118465 -0.00719754 -0.0203887 0.00851146 0.0173689
internal_weight=748.088 665.239 625.506 512.532 498.671 481.736 469.65 456.895 413.176 386.82 86.8863 112.974 33.1674 299.934
internal_count=7085 4521 4283 3394 3139 3026 2889 2781 2509 2210 600 889 263 1610
is_linear=0
shrinkage=0.05


end of trees

feature_importances:
Column_5=34
Column_46=23
Column_33=21
Column_116=19
Column_132=18
Column_72=17
Column_7=15
Column_85=15
Column_130=15
Column_36=14
Column_40=12
Column_68=12
Column_76=12
Column_134=12
Column_34=11
Column_9=10
Column_30=10
Column_32=10
Column_128=10
Column_4=9
Column_35=9
Column_65=9
Column_70=9
Column_100=9
Column_137=9
Column_29=8
Column_39=8
Column_67=8
Column_69=8
Column_74=8
Column_112=8
Column_126=8
Column_59=7
Column_60=7
Column_61=7
Column_92=7
Column_93=7
Column_118=7
Column_123=7
Column_125=7
Column_8=6
Column_14=6
Column_31=6
Column_73=6
Column_97=6
Column_110=6
Column_1=5
Column_3=5
Column_10=5
Column_18=5
Column_19=5
Column_47=5
Column_64=5
Column_71=5
Column_75=5
Column_101=5
Column_113=5
Column_124=5
Column_129=5
Column_6=4
Column_42=4
Column_86=4
Column_89=4
Column_105=4
Column_120=4
Column_2=3
Column_51=3
Column_56=3
Column_63=3
Column_78=3
Column_79=3
Column_94=3
Column_95=3
Column_135=3
Column_20=2
Column_25=2
Column_50=2
Column_53=2
Column_57=2
Column_58=2
Column_66=2
Column_80=2
Column_82=2
Column_98=2
Column_102=2
Column_121=2
Column_122=2
Column_131=2
Column_136=2
Column_11=1
Column_17=1
Column_22=1
Column_24=1
Column_28=1
Column_37=1
Column_38=1
Column_43=1
Column_48=1
Column_52=1
Column_54=1
Column_55=1
Column_84=1
Column_103=1
Column_104=1
Column_107=1
Column_108=1
Column_109=1
Column_114=1
Column_119=1

parameters:
[boosting: gbdt]
[objective: cross_entropy]
[metric: cross_entropy]
[tree_learner: serial]
[device_type: cpu]
[data_sample_strategy: bagging]
[data: ]
[valid: ]
[num_iterations: 47]
[learning_rate: 0.05]
[num_leaves: 15]
[num_threads: 4]
[seed: 26006]
[deterministic: 1]
[force_col_wise: 0]
[force_row_wise: 1]
[histogram_pool_size: -1]
[max_depth: -1]
[min_data_in_leaf: 10]
[min_sum_hessian_in_leaf: 0.001]
[bagging_fraction: 0.8]
[pos_bagging_fraction: 1]
[neg_bagging_fraction: 1]
[bagging_freq: 1]
[bagging_seed: 19736]
[bagging_by_query: 0]
[feature_fraction: 0.8]
[feature_fraction_bynode: 1]
[feature_fraction_seed: 22478]
[extra_trees: 0]
[extra_seed: 25246]
[early_stopping_round: 0]
[early_stopping_min_delta: 0]
[first_metric_only: 0]
[max_delta_step: 0]
[lambda_l1: 0]
[lambda_l2: 1]
[linear_lambda: 0]
[min_gain_to_split: 0]
[drop_rate: 0.1]
[max_drop: 50]
[skip_drop: 0.5]
[xgboost_dart_mode: 0]
[uniform_drop: 0]
[drop_seed: 12177]
[top_rate: 0.2]
[other_rate: 0.1]
[min_data_per_group: 100]
[max_cat_threshold: 32]
[cat_l2: 10]
[cat_smooth: 10]
[max_cat_to_onehot: 4]
[top_k: 20]
[monotone_constraints: ]
[monotone_constraints_method: basic]
[monotone_penalty: 0]
[feature_contri: ]
[forcedsplits_filename: ]
[refit_decay_rate: 0.9]
[cegb_tradeoff: 1]
[cegb_penalty_split: 0]
[cegb_penalty_feature_lazy: ]
[cegb_penalty_feature_coupled: ]
[path_smooth: 0]
[interaction_constraints: ]
[verbosity: -1]
[saved_feature_importance_type: 0]
[use_quantized_grad: 0]
[num_grad_quant_bins: 4]
[quant_train_renew_leaf: 0]
[stochastic_rounding: 1]
[linear_tree: 0]
[max_bin: 255]
[max_bin_by_feature: ]
[min_data_in_bin: 3]
[bin_construct_sample_cnt: 200000]
[data_random_seed: 19427]
[is_enable_sparse: 1]
[enable_bundle: 1]
[use_missing: 1]
[zero_as_missing: 0]
[feature_pre_filter: 1]
[pre_partition: 0]
[two_round: 0]
[header: 0]
[label_column: ]
[weight_column: ]
[group_column: ]
[ignore_column: ]
[categorical_feature: ]
[forcedbins_filename: ]
[precise_float_parser: 0]
[parser_config_file: ]
[objective_seed: 10829]
[num_class: 1]
[is_unbalance: 0]
[scale_pos_weight: 1]
[sigmoid: 1]
[boost_from_average: 1]
[reg_sqrt: 0]
[alpha: 0.9]
[fair_c: 1]
[poisson_max_delta_step: 0.7]
[tweedie_variance_power: 1.5]
[lambdarank_truncation_level: 30]
[lambdarank_norm: 1]
[label_gain: ]
[lambdarank_position_bias_regularization: 0]
[eval_at: ]
[multi_error_top_k: 1]
[auc_mu_weights: ]
[num_machines: 1]
[local_listen_port: 12400]
[time_out: 120]
[machine_list_filename: ]
[machines: ]
[gpu_platform_id: -1]
[gpu_device_id: -1]
[gpu_device_id_list: ]
[gpu_use_dp: 0]
[num_gpu: 1]

end of parameters

pandas_categorical:null
